0.001 0.023838
0.002 0.0228439
0.003 0.0218677
0.004 0.0209925
0.005 0.0199191
0.006 0.0190822
0.007 0.0180963
0.008 0.0172348
0.009 0.016263
0.01 0.0153263
0.011 0.0148504
0.012 0.0144708
0.013 0.0141066
0.014 0.0136777
0.015 0.013268
0.016 0.0128344
0.017 0.0124329
0.018 0.011954
0.019 0.0114979
0.02 0.0110895
0.021 0.0108398
0.022 0.010598
0.023 0.010438
0.024 0.0101522
0.025 0.009948
0.026 0.0097131
0.027 0.0095316
0.028 0.0092473
0.029 0.0089956
0.03 0.0087307
0.031 0.0086265
0.032 0.0085226
0.033 0.0083769
0.034 0.008187
0.035 0.0080305
0.036 0.007894
0.037 0.007757
0.038 0.0075774
0.039 0.0074403
0.04 0.0073622
0.041 0.0072499
0.042 0.007065
0.043 0.0070193
0.044 0.0068592
0.045 0.0067745
0.046 0.006722
0.047 0.0065242
0.048 0.0064161
0.049 0.0062648
0.05 0.0062439
0.051 0.0061394
0.052 0.0060756
0.053 0.005998
0.054 0.005905
0.055 0.00578
0.056 0.0056919
0.057 0.0056391
0.058 0.0055424
0.059 0.0054274
0.06 0.0053584
0.061 0.0052695
0.062 0.0052124
0.063 0.0051326
0.064 0.0050911
0.065 0.0050172
0.066 0.0049224
0.067 0.0048213
0.068 0.0047923
0.069 0.0047404
0.07 0.0046626
0.071 0.0045674
0.072 0.0045104
0.073 0.004447
0.074 0.0044162
0.075 0.0043266
0.076 0.0042683
0.077 0.0042246
0.078 0.00412
0.079 0.0040675
0.08 0.0040182
0.081 0.0039755
0.082 0.0038914
0.083 0.0038307
0.084 0.0038137
0.085 0.0037304
0.086 0.003701
0.087 0.0036875
0.088 0.0035853
0.089 0.0035434
0.09 0.0034811
0.091 0.0034233
0.092 0.00339
0.093 0.0033392
0.094 0.0032969
0.095 0.0032506
0.096 0.0031828
0.097 0.0031357
0.098 0.0030995
0.099 0.003051
0.1 0.0030052
0.101 0.0029613
0.102 0.0029338
0.103 0.0028905
0.104 0.0028593
0.105 0.0027802
0.106 0.002757
0.107 0.0027273
0.108 0.0026974
0.109 0.0026746
0.11 0.002607
0.111 0.0025838
0.112 0.0025381
0.113 0.0024881
0.114 0.0024642
0.115 0.0024203
0.116 0.0024306
0.117 0.0023483
0.118 0.0023149
0.119 0.0022952
0.12 0.0022696
0.121 0.0022689
0.122 0.0021848
0.123 0.0021642
0.124 0.0021436
0.125 0.0021055
0.126 0.0021047
0.127 0.0020606
0.128 0.0020334
0.129 0.0019747
0.13 0.0019568
0.131 0.001933
0.132 0.0019131
0.133 0.0018965
0.134 0.0018506
0.135 0.0018237
0.136 0.0018082
0.137 0.0017696
0.138 0.0017322
0.139 0.001716
0.14 0.0017034
0.141 0.0016955
0.142 0.0016331
0.143 0.0016421
0.144 0.0016078
0.145 0.0016067
0.146 0.0015345
0.147 0.0015215
0.148 0.0015112
0.149 0.0015019
0.15 0.0014802
0.151 0.0014441
0.152 0.0014321
0.153 0.0014158
0.154 0.0013936
0.155 0.0013596
0.156 0.0013543
0.157 0.0013573
0.158 0.0013217
0.159 0.0013
0.16 0.0012656
0.161 0.0012793
0.162 0.0012213
0.163 0.0012326
0.164 0.0012205
0.165 0.0011771
0.166 0.0011781
0.167 0.0011382
0.168 0.0011271
0.169 0.001136
0.17 0.0010923
0.171 0.0010799
0.172 0.0010928
0.173 0.0010846
0.174 0.0010547
0.175 0.0010409
0.176 0.0010241
0.177 0.001012
0.178 0.0009926
0.179 0.0009664
0.18 0.0009603
0.181 0.0009634
0.182 0.0009432
0.183 0.0009126
0.184 0.000925
0.185 0.0008984
0.186 0.0008828
0.187 0.0008865
0.188 0.0008414
0.189 0.0008463
0.19 0.0008475
0.191 0.0008193
0.192 0.0008194
0.193 0.0008189
0.194 0.0007982
0.195 0.0007745
0.196 0.0007725
0.197 0.0007395
0.198 0.000743
0.199 0.0007345
0.2 0.0007216
0.201 0.0007235
0.202 0.0007015
0.203 0.000683
0.204 0.0006965
0.205 0.0006837
0.206 0.0006661
0.207 0.0006514
0.208 0.0006356
0.209 0.0006293
0.21 0.0006296
0.211 0.0006137
0.212 0.0006099
0.213 0.000604
0.214 0.000609
0.215 0.0005889
0.216 0.0005943
0.217 0.0005666
0.218 0.000559
0.219 0.0005474
0.22 0.000549
0.221 0.0005334
0.222 0.0005347
0.223 0.0005239
0.224 0.0005127
0.225 0.0005041
0.226 0.0004905
0.227 0.0004917
0.228 0.0004857
0.229 0.0004929
0.23 0.0004733
0.231 0.0004597
0.232 0.0004524
0.233 0.0004534
0.234 0.0004397
0.235 0.0004377
0.236 0.0004296
0.237 0.0004199
0.238 0.0004117
0.239 0.0004139
0.24 0.0004167
0.241 0.0004079
0.242 0.0003921
0.243 0.0003949
0.244 0.0003874
0.245 0.0003693
0.246 0.0003693
0.247 0.0003682
0.248 0.0003624
0.249 0.0003548
0.25 0.000346
0.251 0.0003441
0.252 0.0003417
0.253 0.000336
0.254 0.0003375
0.255 0.0003252
0.256 0.0003259
0.257 0.0003135
0.258 0.0003139
0.259 0.0003053
0.26 0.000302
0.261 0.0003028
0.262 0.0002948
0.263 0.0002959
0.264 0.0002893
0.265 0.0002902
0.266 0.0002716
0.267 0.0002863
0.268 0.0002729
0.269 0.0002721
0.27 0.0002598
0.271 0.0002576
0.272 0.0002522
0.273 0.0002572
0.274 0.000251
0.275 0.0002532
0.276 0.0002368
0.277 0.0002424
0.278 0.0002324
0.279 0.0002381
0.28 0.0002231
0.281 0.0002343
0.282 0.0002329
0.283 0.0002179
0.284 0.0002221
0.285 0.0002159
0.286 0.0002146
0.287 0.0002099
0.288 0.000211
0.289 0.0002067
0.29 0.0001887
0.291 0.0002029
0.292 0.0001968
0.293 0.0001894
0.294 0.0001858
0.295 0.0001893
0.296 0.0001922
0.297 0.0001845
0.298 0.0001831
0.299 0.0001804
0.3 0.0001697
0.301 0.0001683
0.302 0.0001683
0.303 0.0001701
0.304 0.0001665
0.305 0.0001643
0.306 0.0001673
0.307 0.000159
0.308 0.0001536
0.309 0.0001553
0.31 0.0001481
0.311 0.0001505
0.312 0.0001457
0.313 0.0001472
0.314 0.0001364
0.315 0.0001348
0.316 0.0001388
0.317 0.0001388
0.318 0.000138
0.319 0.0001325
0.32 0.0001312
0.321 0.0001284
0.322 0.0001273
0.323 0.0001244
0.324 0.0001192
0.325 0.0001218
0.326 0.0001218
0.327 0.0001141
0.328 0.0001182
0.329 0.0001105
0.33 0.000112
0.331 0.0001132
0.332 0.0001084
0.333 0.0001062
0.334 0.0001091
0.335 9.93e-05
0.336 0.000105
0.337 9.89e-05
0.338 9.94e-05
0.339 9.49e-05
0.34 0.0001028
0.341 0.000101
0.342 9.67e-05
0.343 9.05e-05
0.344 8.98e-05
0.345 9.15e-05
0.346 9.87e-05
0.347 9.58e-05
0.348 9.16e-05
0.349 8.81e-05
0.35 8.89e-05
0.351 8.5e-05
0.352 8.2e-05
0.353 7.67e-05
0.354 7.8e-05
0.355 7.75e-05
0.356 7.52e-05
0.357 7.99e-05
0.358 7.51e-05
0.359 7.2e-05
0.36 7.29e-05
0.361 7.03e-05
0.362 7.24e-05
0.363 7.16e-05
0.364 6.91e-05
0.365 6.65e-05
0.366 7.13e-05
0.367 6.1e-05
0.368 6.19e-05
0.369 6.57e-05
0.37 6.03e-05
0.371 6.45e-05
0.372 6.05e-05
0.373 5.98e-05
0.374 5.91e-05
0.375 5.89e-05
0.376 5.94e-05
0.377 5.72e-05
0.378 5.21e-05
0.379 5.98e-05
0.38 5.84e-05
0.381 5.72e-05
0.382 5.41e-05
0.383 5.39e-05
0.384 5.34e-05
0.385 5.16e-05
0.386 5.04e-05
0.387 4.86e-05
0.388 4.8e-05
0.389 4.93e-05
0.39 5.08e-05
0.391 4.65e-05
0.392 4.35e-05
0.393 4.33e-05
0.394 4.3e-05
0.395 4.3e-05
0.396 4.39e-05
0.397 4.13e-05
0.398 4.37e-05
0.399 4.33e-05
0.4 4.35e-05
0.401 4.03e-05
0.402 3.92e-05
0.403 4.45e-05
0.404 3.7e-05
0.405 4.06e-05
0.406 3.7e-05
0.407 4.12e-05
0.408 4.11e-05
0.409 3.51e-05
0.41 3.36e-05
0.411 3.74e-05
0.412 3.67e-05
0.413 3.35e-05
0.414 3.51e-05
0.415 3.35e-05
0.416 3.49e-05
0.417 3.27e-05
0.418 3e-05
0.419 3.14e-05
0.42 3.03e-05
0.421 3.01e-05
0.422 2.86e-05
0.423 3.23e-05
0.424 2.86e-05
0.425 2.86e-05
0.426 2.94e-05
0.427 2.73e-05
0.428 2.49e-05
0.429 2.59e-05
0.43 2.64e-05
0.431 2.55e-05
0.432 2.7e-05
0.433 2.4e-05
0.434 2.63e-05
0.435 2.3e-05
0.436 2.37e-05
0.437 2.84e-05
0.438 2.41e-05
0.439 2.55e-05
0.44 2.56e-05
0.441 2.28e-05
0.442 2.1e-05
0.443 2.35e-05
0.444 2.35e-05
0.445 2.31e-05
0.446 2.16e-05
0.447 2.21e-05
0.448 1.88e-05
0.449 1.92e-05
0.45 2.08e-05
0.451 2.08e-05
0.452 1.92e-05
0.453 1.78e-05
0.454 1.88e-05
0.455 1.99e-05
0.456 2.02e-05
0.457 1.99e-05
0.458 1.9e-05
0.459 1.85e-05
0.46 1.76e-05
0.461 1.62e-05
0.462 1.38e-05
0.463 1.9e-05
0.464 1.58e-05
0.465 1.57e-05
0.466 1.73e-05
0.467 1.58e-05
0.468 1.68e-05
0.469 1.65e-05
0.47 1.49e-05
0.471 1.54e-05
0.472 1.39e-05
0.473 1.49e-05
0.474 1.27e-05
0.475 1.28e-05
0.476 1.47e-05
0.477 1.34e-05
0.478 1.53e-05
0.479 1.26e-05
0.48 1.31e-05
0.481 1.25e-05
0.482 1.26e-05
0.483 1.23e-05
0.484 1.07e-05
0.485 1.16e-05
0.486 1.11e-05
0.487 1.12e-05
0.488 1.12e-05
0.489 1.15e-05
0.49 1.15e-05
0.491 1.07e-05
0.492 9.9e-06
0.493 1.35e-05
0.494 9.7e-06
0.495 1.07e-05
0.496 1.07e-05
0.497 1.11e-05
0.498 9.8e-06
0.499 8.4e-06
0.5 1.02e-05
0.501 9.5e-06
0.502 8.2e-06
0.503 1.08e-05
0.504 8.8e-06
0.505 1.04e-05
0.506 1.05e-05
0.507 7.9e-06
0.508 1e-05
0.509 9.2e-06
0.51 8.6e-06
0.511 9.2e-06
0.512 9.6e-06
0.513 8.9e-06
0.514 9.6e-06
0.515 9.3e-06
0.516 7.2e-06
0.517 8.8e-06
0.518 8.6e-06
0.519 7.5e-06
0.52 6.1e-06
0.521 8.9e-06
0.522 7.4e-06
0.523 6.7e-06
0.524 7.1e-06
0.525 6.2e-06
0.526 7.1e-06
0.527 8.5e-06
0.528 5.9e-06
0.529 6.9e-06
0.53 7.1e-06
0.531 6.5e-06
0.532 6.6e-06
0.533 7.5e-06
0.534 7.6e-06
0.535 6.2e-06
0.536 6.3e-06
0.537 6.7e-06
0.538 3.9e-06
0.539 5.6e-06
0.54 6e-06
0.541 5.3e-06
0.542 5e-06
0.543 4.6e-06
0.544 4.6e-06
0.545 5.5e-06
0.546 6.4e-06
0.547 5.2e-06
0.548 4.8e-06
0.549 5.1e-06
0.55 4.5e-06
0.551 5.1e-06
0.552 4.9e-06
0.553 4.8e-06
0.554 3.3e-06
0.555 4.7e-06
0.556 3.9e-06
0.557 4.7e-06
0.558 2.9e-06
0.559 4.6e-06
0.56 4.3e-06
0.561 4.5e-06
0.562 3.8e-06
0.563 3.1e-06
0.564 4.8e-06
0.565 3.6e-06
0.566 4.2e-06
0.567 3.5e-06
0.568 3.8e-06
0.569 3.3e-06
0.57 3.8e-06
0.571 3e-06
0.572 3.6e-06
0.573 3.9e-06
0.574 2.9e-06
0.575 3.9e-06
0.576 3.6e-06
0.577 4e-06
0.578 2.7e-06
0.579 3e-06
0.58 3.9e-06
0.581 3.8e-06
0.582 2.2e-06
0.583 3.9e-06
0.584 3.1e-06
0.585 3.7e-06
0.586 2.2e-06
0.587 3e-06
0.588 2.5e-06
0.589 2.6e-06
0.59 2.4e-06
0.591 2.9e-06
0.592 3.1e-06
0.593 2.6e-06
0.594 2.5e-06
0.595 2.9e-06
0.596 2e-06
0.597 2.2e-06
0.598 2.8e-06
0.599 2.4e-06
0.6 2.9e-06
0.601 2.8e-06
0.602 3e-06
0.603 2e-06
0.604 2.3e-06
0.605 1.8e-06
0.606 2.2e-06
0.607 2.1e-06
0.608 2.2e-06
0.609 1.7e-06
0.61 1.8e-06
0.611 1.9e-06
0.612 1.7e-06
0.613 2.1e-06
0.614 1.9e-06
0.615 3.1e-06
0.616 2.1e-06
0.617 2.1e-06
0.618 2e-06
0.619 2e-06
0.62 1.8e-06
0.621 1.3e-06
0.622 1.6e-06
0.623 2.1e-06
0.624 1.7e-06
0.625 2.3e-06
0.626 1.7e-06
0.627 2.1e-06
0.628 1.5e-06
0.629 1.6e-06
0.63 1e-06
0.631 1.2e-06
0.632 1.3e-06
0.633 1.1e-06
0.634 1.6e-06
0.635 1.5e-06
0.636 1.6e-06
0.637 1.7e-06
0.638 1e-06
0.639 1.2e-06
0.64 1.1e-06
0.641 1.2e-06
0.642 1.3e-06
0.643 1.1e-06
0.644 1.8e-06
0.645 5e-07
0.646 6e-07
0.647 1.9e-06
0.648 1.1e-06
0.649 1e-06
0.65 2.4e-06
0.651 1.4e-06
0.652 1.5e-06
0.653 1.2e-06
0.654 1.3e-06
0.655 1e-06
0.656 7e-07
0.657 1.4e-06
0.658 1.6e-06
0.659 1e-06
0.66 8e-07
0.661 6e-07
0.662 2e-07
0.663 1.2e-06
0.664 6e-07
0.665 9e-07
0.666 1.1e-06
0.667 8e-07
0.668 1.3e-06
0.669 9e-07
0.67 8e-07
0.671 8e-07
0.672 6e-07
0.673 7e-07
0.674 9e-07
0.675 1.1e-06
0.676 7e-07
0.677 1e-06
0.678 1.1e-06
0.679 9e-07
0.68 6e-07
0.681 8e-07
0.682 6e-07
0.683 8e-07
0.684 3e-07
0.685 6e-07
0.686 7e-07
0.687 8e-07
0.688 7e-07
0.689 1e-07
0.69 5e-07
0.691 5e-07
0.692 7e-07
0.693 1e-06
0.694 3e-07
0.695 5e-07
0.696 6e-07
0.697 3e-07
0.698 5e-07
0.699 8e-07
0.7 7e-07
0.701 8e-07
0.702 4e-07
0.703 3e-07
0.704 9e-07
0.705 4e-07
0.706 1e-07
0.707 3e-07
0.708 1e-07
0.709 4e-07
0.71 4e-07
0.711 8e-07
0.712 5e-07
0.713 4e-07
0.714 6e-07
0.715 5e-07
0.716 5e-07
0.717 7e-07
0.718 3e-07
0.719 1.2e-06
0.72 4e-07
0.721 2e-07
0.722 3e-07
0.723 2e-07
0.724 4e-07
0.725 3e-07
0.726 2e-07
0.727 3e-07
0.728 7e-07
0.729 6e-07
0.73 3e-07
0.731 3e-07
0.732 3e-07
0.733 3e-07
0.734 2e-07
0.735 2e-07
0.736 2e-07
0.737 3e-07
0.738 2e-07
0.739 3e-07
0.74 5e-07
0.741 3e-07
0.742 3e-07
0.743 3e-07
0.744 9e-07
0.745 1e-07
0.746 6e-07
0.747 2e-07
0.748 4e-07
0.749 5e-07
0.75 4e-07
0.751 2e-07
0.752 3e-07
0.753 3e-07
0.754 2e-07
0.755 2e-07
0.756 2e-07
0.757 3e-07
0.758 2e-07
0.759 2e-07
0.76 2e-07
0.761 2e-07
0.762 4e-07
0.763 2e-07
0.764 3e-07
0.765 4e-07
0.766 3e-07
0.767 1e-07
0.768 1e-07
0.769 2e-07
0.77 1e-07
0.771 4e-07
0.772 4e-07
0.773 2e-07
0.774 5e-07
0.775 0
0.776 0
0.777 2e-07
0.778 4e-07
0.779 0
0.78 1e-07
0.781 1e-07
0.782 2e-07
0.783 3e-07
0.784 4e-07
0.785 1e-07
0.786 1e-07
0.787 1e-07
0.788 2e-07
0.789 2e-07
0.79 2e-07
0.791 1e-07
0.792 1e-07
0.793 1e-07
0.794 0
0.795 2e-07
0.796 3e-07
0.797 0
0.798 0
0.799 2e-07
0.8 0
0.801 2e-07
0.802 3e-07
0.803 1e-07
0.804 0
0.805 1e-07
0.806 0
0.807 0
0.808 1e-07
0.809 4e-07
0.81 1e-07
0.811 2e-07
0.812 4e-07
0.813 1e-07
0.814 1e-07
0.815 2e-07
0.816 1e-07
0.817 0
0.818 0
0.819 1e-07
0.82 0
0.821 1e-07
0.822 0
0.823 0
0.824 1e-07
0.825 0
0.826 1e-07
0.827 0
0.828 0
0.829 1e-07
0.83 0
0.831 1e-07
0.832 1e-07
0.833 0
0.834 3e-07
0.835 2e-07
0.836 0
0.837 0
0.838 1e-07
0.839 0
0.84 1e-07
0.841 2e-07
0.842 1e-07
0.843 3e-07
0.844 0
0.845 0
0.846 0
0.847 0
0.848 2e-07
0.849 1e-07
0.85 0
0.851 1e-07
0.852 1e-07
0.853 0
0.854 2e-07
0.855 2e-07
0.856 1e-07
0.857 0
0.858 0
0.859 2e-07
0.86 0
0.861 0
0.862 0
0.863 1e-07
0.864 0
0.865 2e-07
0.866 1e-07
0.867 1e-07
0.868 0
0.869 1e-07
0.87 0
0.871 1e-07
0.872 0
0.873 1e-07
0.874 0
0.875 0
0.876 0
0.877 0
0.878 1e-07
0.879 1e-07
0.88 1e-07
0.881 0
0.882 0
0.883 1e-07
0.884 0
0.885 0
0.886 1e-07
0.887 0
0.888 1e-07
0.889 0
0.89 0
0.891 0
0.892 0
0.893 2e-07
0.894 0
0.895 0
0.896 0
0.897 0
0.898 0
0.899 0
0.9 0
0.901 0
0.902 0
0.903 1e-07
0.904 0
0.905 1e-07
0.906 1e-07
0.907 0
0.908 0
0.909 0
0.91 0
0.911 0
0.912 0
0.913 0
0.914 0
0.915 0
0.916 1e-07
0.917 1e-07
0.918 0
0.919 0
0.92 0
0.921 1e-07
0.922 0
0.923 0
0.924 1e-07
0.925 0
0.926 0
0.927 0
0.928 0
0.929 0
0.93 1e-07
0.931 0
0.932 0
0.933 0
0.934 1e-07
0.935 0
0.936 0
0.937 0
0.938 0
0.939 0
0.94 0
0.941 0
0.942 1e-07
0.943 0
0.944 0
0.945 1e-07
0.946 0
0.947 0
0.948 0
0.949 0
0.95 0
0.951 0
0.952 0
0.953 0
0.954 0
0.955 0
0.956 0
0.957 0
0.958 0
0.959 0
0.96 0
0.961 0
0.962 0
0.963 0
0.964 0
0.965 0
0.966 0
0.967 0
0.968 0
0.969 0
0.97 0
0.971 0
0.972 0
0.973 0
0.974 0
0.975 0
0.976 0
0.977 0
0.978 0
0.979 0
0.98 0
0.981 0
0.982 0
0.983 0
0.984 0
0.985 0
0.986 1e-07
0.987 0
0.988 0
0.989 0
0.99 0
0.991 0
0.992 0
0.993 0
0.994 0
0.995 0
0.996 0
0.997 0
0.998 0
0.999 0
1 0
