0.001 0.0408759
0.002 0.0392719
0.003 0.0376499
0.004 0.0361531
0.005 0.0346108
0.006 0.0329246
0.007 0.0315119
0.008 0.0300087
0.009 0.0284183
0.01 0.0267306
0.011 0.0257538
0.012 0.0247154
0.013 0.0237902
0.014 0.0227098
0.015 0.0218884
0.016 0.0208319
0.017 0.0198625
0.018 0.0190007
0.019 0.0179993
0.02 0.0170056
0.021 0.0162582
0.022 0.0157658
0.023 0.0152057
0.024 0.0145497
0.025 0.0139447
0.026 0.0133355
0.027 0.0128069
0.028 0.0121647
0.029 0.0116351
0.03 0.0109917
0.031 0.0106125
0.032 0.0102327
0.033 0.0098156
0.034 0.0094598
0.035 0.0090622
0.036 0.0087612
0.037 0.0083828
0.038 0.0079631
0.039 0.0076245
0.04 0.0072261
0.041 0.0069423
0.042 0.00671
0.043 0.0064842
0.044 0.0062529
0.045 0.0060013
0.046 0.0058381
0.047 0.0055708
0.048 0.0052953
0.049 0.005084
0.05 0.0048459
0.051 0.0047037
0.052 0.0045729
0.053 0.0043836
0.054 0.0042409
0.055 0.0041211
0.056 0.00394
0.057 0.0038016
0.058 0.0036665
0.059 0.0034874
0.06 0.003331
0.061 0.0032209
0.062 0.0031671
0.063 0.0030436
0.064 0.0029572
0.065 0.0028306
0.066 0.002738
0.067 0.0026734
0.068 0.0025589
0.069 0.0024706
0.07 0.002354
0.071 0.0023317
0.072 0.0022394
0.073 0.0021767
0.074 0.0020972
0.075 0.0020641
0.076 0.0019653
0.077 0.0019004
0.078 0.0018579
0.079 0.0017692
0.08 0.0017444
0.081 0.0017032
0.082 0.0016426
0.083 0.0016107
0.084 0.001566
0.085 0.0014898
0.086 0.0014918
0.087 0.0014164
0.088 0.0014067
0.089 0.0013248
0.09 0.0013016
0.091 0.0012551
0.092 0.0012542
0.093 0.0011997
0.094 0.0011911
0.095 0.0011476
0.096 0.0011144
0.097 0.0010727
0.098 0.001053
0.099 0.0010254
0.1 0.0010007
0.101 0.0009549
0.102 0.0009719
0.103 0.0009267
0.104 0.000902
0.105 0.0008696
0.106 0.0008557
0.107 0.0008516
0.108 0.0008268
0.109 0.0008123
0.11 0.0007919
0.111 0.0007619
0.112 0.0007447
0.113 0.0007327
0.114 0.000712
0.115 0.0007077
0.116 0.0006816
0.117 0.0006587
0.118 0.0006479
0.119 0.0006361
0.12 0.0006379
0.121 0.0006059
0.122 0.0005888
0.123 0.0005867
0.124 0.0005672
0.125 0.0005528
0.126 0.0005466
0.127 0.0005317
0.128 0.0005246
0.129 0.0005186
0.13 0.0005023
0.131 0.0004926
0.132 0.0004814
0.133 0.0004619
0.134 0.0004631
0.135 0.0004529
0.136 0.0004441
0.137 0.0004282
0.138 0.0004246
0.139 0.0004175
0.14 0.000411
0.141 0.0004004
0.142 0.0003901
0.143 0.0003843
0.144 0.0003714
0.145 0.0003768
0.146 0.0003609
0.147 0.0003636
0.148 0.0003553
0.149 0.0003421
0.15 0.0003443
0.151 0.0003357
0.152 0.000325
0.153 0.0003168
0.154 0.0003112
0.155 0.0003092
0.156 0.0003038
0.157 0.0003062
0.158 0.0002866
0.159 0.0002862
0.16 0.0002831
0.161 0.0002684
0.162 0.0002819
0.163 0.0002685
0.164 0.0002714
0.165 0.0002582
0.166 0.0002586
0.167 0.0002532
0.168 0.0002434
0.169 0.0002375
0.17 0.0002373
0.171 0.0002385
0.172 0.000224
0.173 0.0002242
0.174 0.0002291
0.175 0.0002165
0.176 0.0002228
0.177 0.0002111
0.178 0.0001997
0.179 0.0001955
0.18 0.0002072
0.181 0.0001967
0.182 0.0001957
0.183 0.0001974
0.184 0.0001844
0.185 0.0001832
0.186 0.0001776
0.187 0.0001777
0.188 0.0001719
0.189 0.0001718
0.19 0.0001572
0.191 0.0001619
0.192 0.0001661
0.193 0.0001616
0.194 0.0001531
0.195 0.0001588
0.196 0.0001457
0.197 0.0001487
0.198 0.0001423
0.199 0.0001433
0.2 0.0001412
0.201 0.0001353
0.202 0.0001333
0.203 0.000131
0.204 0.0001336
0.205 0.0001285
0.206 0.0001218
0.207 0.0001254
0.208 0.0001202
0.209 0.000118
0.21 0.0001161
0.211 0.0001134
0.212 0.0001199
0.213 0.0001137
0.214 0.0001103
0.215 0.0001062
0.216 0.0001073
0.217 0.000116
0.218 0.0001096
0.219 0.000106
0.22 0.000103
0.221 0.0001001
0.222 9.65e-05
0.223 9.22e-05
0.224 9e-05
0.225 8.77e-05
0.226 9.16e-05
0.227 8.92e-05
0.228 8.43e-05
0.229 8.6e-05
0.23 8.35e-05
0.231 8.23e-05
0.232 8e-05
0.233 7.96e-05
0.234 8.26e-05
0.235 7.31e-05
0.236 7.2e-05
0.237 7.5e-05
0.238 7.16e-05
0.239 7.18e-05
0.24 7.05e-05
0.241 6.68e-05
0.242 7.25e-05
0.243 6.52e-05
0.244 6.39e-05
0.245 6.73e-05
0.246 6.86e-05
0.247 6.69e-05
0.248 6.25e-05
0.249 6.28e-05
0.25 6.09e-05
0.251 5.77e-05
0.252 5.7e-05
0.253 5.83e-05
0.254 5.73e-05
0.255 5.52e-05
0.256 5.27e-05
0.257 5.04e-05
0.258 4.94e-05
0.259 5.18e-05
0.26 4.97e-05
0.261 4.86e-05
0.262 5.08e-05
0.263 5.11e-05
0.264 4.68e-05
0.265 4.73e-05
0.266 4.94e-05
0.267 4.59e-05
0.268 4.24e-05
0.269 4.83e-05
0.27 4.59e-05
0.271 4.26e-05
0.272 4.16e-05
0.273 4.19e-05
0.274 4.03e-05
0.275 3.99e-05
0.276 3.75e-05
0.277 4.11e-05
0.278 3.63e-05
0.279 3.79e-05
0.28 3.44e-05
0.281 3.53e-05
0.282 3.47e-05
0.283 3.63e-05
0.284 3.19e-05
0.285 3.6e-05
0.286 3.17e-05
0.287 2.81e-05
0.288 3.26e-05
0.289 2.94e-05
0.29 3.14e-05
0.291 2.91e-05
0.292 2.91e-05
0.293 2.71e-05
0.294 2.85e-05
0.295 3.2e-05
0.296 2.88e-05
0.297 3.05e-05
0.298 2.62e-05
0.299 2.44e-05
0.3 2.9e-05
0.301 2.78e-05
0.302 2.29e-05
0.303 2.68e-05
0.304 2.35e-05
0.305 2.22e-05
0.306 2.4e-05
0.307 2.41e-05
0.308 2.11e-05
0.309 2.21e-05
0.31 2.23e-05
0.311 2.4e-05
0.312 2.17e-05
0.313 2.39e-05
0.314 2.11e-05
0.315 1.91e-05
0.316 1.63e-05
0.317 2.12e-05
0.318 1.86e-05
0.319 2e-05
0.32 1.84e-05
0.321 1.87e-05
0.322 1.91e-05
0.323 1.77e-05
0.324 1.74e-05
0.325 1.79e-05
0.326 1.56e-05
0.327 1.41e-05
0.328 1.69e-05
0.329 1.6e-05
0.33 1.71e-05
0.331 1.39e-05
0.332 1.56e-05
0.333 1.56e-05
0.334 1.37e-05
0.335 1.28e-05
0.336 1.35e-05
0.337 1.31e-05
0.338 1.37e-05
0.339 1.3e-05
0.34 1.33e-05
0.341 1.18e-05
0.342 1.34e-05
0.343 1.33e-05
0.344 1.25e-05
0.345 1.31e-05
0.346 1.18e-05
0.347 1.17e-05
0.348 1.05e-05
0.349 1.07e-05
0.35 1.07e-05
0.351 1.22e-05
0.352 1e-05
0.353 1.2e-05
0.354 1.17e-05
0.355 1.02e-05
0.356 1.03e-05
0.357 1.11e-05
0.358 1.02e-05
0.359 1.16e-05
0.36 1.1e-05
0.361 1.08e-05
0.362 9.6e-06
0.363 9e-06
0.364 1.05e-05
0.365 8.5e-06
0.366 8.7e-06
0.367 8.8e-06
0.368 8.8e-06
0.369 7.9e-06
0.37 7.2e-06
0.371 8e-06
0.372 9.4e-06
0.373 7.8e-06
0.374 7.7e-06
0.375 8.1e-06
0.376 7.8e-06
0.377 8.3e-06
0.378 9e-06
0.379 6.7e-06
0.38 7.8e-06
0.381 5.7e-06
0.382 6.6e-06
0.383 6.4e-06
0.384 6.4e-06
0.385 5.6e-06
0.386 5.8e-06
0.387 5.3e-06
0.388 7.1e-06
0.389 6.3e-06
0.39 5.5e-06
0.391 6.2e-06
0.392 5.5e-06
0.393 5.5e-06
0.394 5.4e-06
0.395 4.4e-06
0.396 5e-06
0.397 5.3e-06
0.398 5.1e-06
0.399 3.6e-06
0.4 5.3e-06
0.401 5.3e-06
0.402 4.3e-06
0.403 4e-06
0.404 5.2e-06
0.405 4.8e-06
0.406 4.4e-06
0.407 4e-06
0.408 3.6e-06
0.409 4.4e-06
0.41 3.6e-06
0.411 4.4e-06
0.412 4.1e-06
0.413 4.4e-06
0.414 3.9e-06
0.415 4.6e-06
0.416 2.9e-06
0.417 4.8e-06
0.418 4.2e-06
0.419 2.7e-06
0.42 4.4e-06
0.421 4.1e-06
0.422 3.6e-06
0.423 2.8e-06
0.424 3.3e-06
0.425 2.6e-06
0.426 3e-06
0.427 3.5e-06
0.428 3.4e-06
0.429 3e-06
0.43 3.1e-06
0.431 2.4e-06
0.432 2.8e-06
0.433 3e-06
0.434 3.3e-06
0.435 2.9e-06
0.436 4.1e-06
0.437 2.3e-06
0.438 2.6e-06
0.439 1.8e-06
0.44 2.7e-06
0.441 2.9e-06
0.442 2e-06
0.443 1.8e-06
0.444 2.2e-06
0.445 2.1e-06
0.446 2.4e-06
0.447 2.5e-06
0.448 3.3e-06
0.449 2.5e-06
0.45 2.2e-06
0.451 2.7e-06
0.452 1.6e-06
0.453 1.7e-06
0.454 2.4e-06
0.455 1.8e-06
0.456 2.5e-06
0.457 2.1e-06
0.458 2.4e-06
0.459 1.6e-06
0.46 1.4e-06
0.461 1.2e-06
0.462 1.7e-06
0.463 1.4e-06
0.464 1.7e-06
0.465 1.6e-06
0.466 2.5e-06
0.467 1.2e-06
0.468 1.4e-06
0.469 1.2e-06
0.47 1.4e-06
0.471 1.5e-06
0.472 1.9e-06
0.473 8e-07
0.474 7e-07
0.475 2e-06
0.476 1.1e-06
0.477 2e-06
0.478 2.2e-06
0.479 1.5e-06
0.48 1.4e-06
0.481 1.7e-06
0.482 1.1e-06
0.483 1.1e-06
0.484 1.8e-06
0.485 1.1e-06
0.486 1.3e-06
0.487 7e-07
0.488 2e-07
0.489 1.3e-06
0.49 6e-07
0.491 1.6e-06
0.492 9e-07
0.493 1.4e-06
0.494 1e-06
0.495 1e-06
0.496 6e-07
0.497 6e-07
0.498 1.4e-06
0.499 1.2e-06
0.5 8e-07
0.501 1.3e-06
0.502 1.1e-06
0.503 6e-07
0.504 9e-07
0.505 1.1e-06
0.506 7e-07
0.507 4e-07
0.508 7e-07
0.509 9e-07
0.51 1e-06
0.511 2e-07
0.512 6e-07
0.513 5e-07
0.514 9e-07
0.515 1e-06
0.516 4e-07
0.517 5e-07
0.518 5e-07
0.519 4e-07
0.52 1e-06
0.521 8e-07
0.522 8e-07
0.523 4e-07
0.524 9e-07
0.525 6e-07
0.526 1e-07
0.527 4e-07
0.528 0
0.529 4e-07
0.53 8e-07
0.531 9e-07
0.532 3e-07
0.533 7e-07
0.534 5e-07
0.535 9e-07
0.536 5e-07
0.537 5e-07
0.538 1e-06
0.539 4e-07
0.54 3e-07
0.541 3e-07
0.542 3e-07
0.543 4e-07
0.544 3e-07
0.545 7e-07
0.546 6e-07
0.547 4e-07
0.548 3e-07
0.549 4e-07
0.55 4e-07
0.551 0
0.552 4e-07
0.553 1e-07
0.554 4e-07
0.555 3e-07
0.556 6e-07
0.557 3e-07
0.558 3e-07
0.559 1e-06
0.56 2e-07
0.561 5e-07
0.562 4e-07
0.563 3e-07
0.564 5e-07
0.565 5e-07
0.566 4e-07
0.567 2e-07
0.568 3e-07
0.569 2e-07
0.57 3e-07
0.571 3e-07
0.572 2e-07
0.573 1e-07
0.574 4e-07
0.575 2e-07
0.576 4e-07
0.577 3e-07
0.578 5e-07
0.579 2e-07
0.58 2e-07
0.581 0
0.582 3e-07
0.583 3e-07
0.584 5e-07
0.585 4e-07
0.586 3e-07
0.587 0
0.588 0
0.589 6e-07
0.59 0
0.591 1e-07
0.592 1e-07
0.593 2e-07
0.594 4e-07
0.595 4e-07
0.596 0
0.597 1e-07
0.598 2e-07
0.599 3e-07
0.6 2e-07
0.601 1e-07
0.602 2e-07
0.603 0
0.604 0
0.605 5e-07
0.606 0
0.607 0
0.608 1e-07
0.609 1e-07
0.61 2e-07
0.611 3e-07
0.612 1e-07
0.613 0
0.614 1e-07
0.615 0
0.616 0
0.617 3e-07
0.618 2e-07
0.619 2e-07
0.62 5e-07
0.621 1e-07
0.622 1e-07
0.623 2e-07
0.624 1e-07
0.625 0
0.626 1e-07
0.627 0
0.628 0
0.629 1e-07
0.63 0
0.631 0
0.632 1e-07
0.633 1e-07
0.634 0
0.635 0
0.636 1e-07
0.637 0
0.638 1e-07
0.639 1e-07
0.64 1e-07
0.641 2e-07
0.642 2e-07
0.643 0
0.644 1e-07
0.645 0
0.646 1e-07
0.647 2e-07
0.648 0
0.649 3e-07
0.65 1e-07
0.651 0
0.652 0
0.653 0
0.654 2e-07
0.655 1e-07
0.656 0
0.657 1e-07
0.658 1e-07
0.659 0
0.66 2e-07
0.661 2e-07
0.662 1e-07
0.663 0
0.664 1e-07
0.665 1e-07
0.666 0
0.667 0
0.668 0
0.669 1e-07
0.67 0
0.671 3e-07
0.672 1e-07
0.673 0
0.674 0
0.675 1e-07
0.676 0
0.677 1e-07
0.678 0
0.679 1e-07
0.68 0
0.681 0
0.682 0
0.683 0
0.684 1e-07
0.685 1e-07
0.686 1e-07
0.687 0
0.688 0
0.689 1e-07
0.69 0
0.691 0
0.692 1e-07
0.693 0
0.694 1e-07
0.695 0
0.696 0
0.697 0
0.698 0
0.699 1e-07
0.7 1e-07
0.701 0
0.702 0
0.703 0
0.704 0
0.705 0
0.706 0
0.707 0
0.708 0
0.709 0
0.71 0
0.711 1e-07
0.712 0
0.713 1e-07
0.714 1e-07
0.715 0
0.716 0
0.717 0
0.718 0
0.719 0
0.72 0
0.721 0
0.722 0
0.723 0
0.724 0
0.725 0
0.726 1e-07
0.727 1e-07
0.728 0
0.729 0
0.73 0
0.731 0
0.732 1e-07
0.733 0
0.734 0
0.735 0
0.736 1e-07
0.737 0
0.738 0
0.739 0
0.74 0
0.741 0
0.742 0
0.743 1e-07
0.744 0
0.745 0
0.746 0
0.747 0
0.748 1e-07
0.749 0
0.75 0
0.751 0
0.752 0
0.753 0
0.754 0
0.755 0
0.756 0
0.757 0
0.758 0
0.759 0
0.76 0
0.761 1e-07
0.762 0
0.763 0
0.764 0
0.765 1e-07
0.766 0
0.767 0
0.768 0
0.769 0
0.77 0
0.771 0
0.772 0
0.773 0
0.774 0
0.775 0
0.776 0
0.777 0
0.778 0
0.779 0
0.78 0
0.781 0
0.782 0
0.783 0
0.784 0
0.785 0
0.786 0
0.787 0
0.788 0
0.789 0
0.79 0
0.791 0
0.792 0
0.793 0
0.794 0
0.795 0
0.796 0
0.797 0
0.798 0
0.799 0
0.8 0
0.801 0
0.802 0
0.803 0
0.804 0
0.805 0
0.806 0
0.807 0
0.808 0
0.809 0
0.81 0
0.811 0
0.812 0
0.813 0
0.814 0
0.815 0
0.816 0
0.817 0
0.818 0
0.819 0
0.82 0
0.821 0
0.822 0
0.823 0
0.824 0
0.825 0
0.826 0
0.827 0
0.828 0
0.829 0
0.83 0
0.831 0
0.832 0
0.833 0
0.834 0
0.835 0
0.836 0
0.837 0
0.838 0
0.839 0
0.84 0
0.841 0
0.842 0
0.843 0
0.844 0
0.845 0
0.846 0
0.847 0
0.848 0
0.849 0
0.85 0
0.851 0
0.852 0
0.853 0
0.854 0
0.855 0
0.856 0
0.857 0
0.858 0
0.859 1e-07
0.86 0
0.861 0
0.862 0
0.863 0
0.864 0
0.865 0
0.866 0
0.867 0
0.868 0
0.869 0
0.87 0
0.871 0
0.872 0
0.873 0
0.874 0
0.875 0
0.876 0
0.877 0
0.878 0
0.879 0
0.88 0
0.881 0
0.882 0
0.883 0
0.884 0
0.885 0
0.886 0
0.887 0
0.888 0
0.889 0
0.89 0
0.891 0
0.892 0
0.893 0
0.894 0
0.895 0
0.896 0
0.897 0
0.898 0
0.899 0
0.9 0
0.901 0
0.902 0
0.903 0
0.904 0
0.905 0
0.906 0
0.907 0
0.908 0
0.909 0
0.91 0
0.911 0
0.912 0
0.913 0
0.914 0
0.915 0
0.916 0
0.917 0
0.918 0
0.919 0
0.92 0
0.921 0
0.922 0
0.923 0
0.924 0
0.925 0
0.926 0
0.927 0
0.928 0
0.929 0
0.93 0
0.931 0
0.932 0
0.933 0
0.934 0
0.935 0
0.936 0
0.937 0
0.938 0
0.939 0
0.94 0
0.941 0
0.942 0
0.943 0
0.944 0
0.945 0
0.946 0
0.947 0
0.948 0
0.949 0
0.95 0
0.951 0
0.952 0
0.953 0
0.954 0
0.955 0
0.956 0
0.957 0
0.958 0
0.959 0
0.96 0
0.961 0
0.962 0
0.963 0
0.964 0
0.965 0
0.966 0
0.967 0
0.968 0
0.969 0
0.97 0
0.971 0
0.972 0
0.973 0
0.974 0
0.975 0
0.976 0
0.977 0
0.978 0
0.979 0
0.98 0
0.981 0
0.982 0
0.983 0
0.984 0
0.985 0
0.986 0
0.987 0
0.988 0
0.989 0
0.99 0
0.991 0
0.992 0
0.993 0
0.994 0
0.995 0
0.996 0
0.997 0
0.998 0
0.999 0
1 0
