0.001 0.0860719
0.002 0.0801853
0.003 0.0743756
0.004 0.0688508
0.005 0.0628615
0.006 0.0570008
0.007 0.0512312
0.008 0.0454744
0.009 0.0395201
0.01 0.0338905
0.011 0.0320736
0.012 0.0299636
0.013 0.0278931
0.014 0.0257347
0.015 0.0235396
0.016 0.0215137
0.017 0.0192551
0.018 0.0171059
0.019 0.0149605
0.02 0.0128784
0.021 0.0121621
0.022 0.0114279
0.023 0.0106656
0.024 0.00983
0.025 0.0090114
0.026 0.008259
0.027 0.0074234
0.028 0.0066506
0.029 0.0058508
0.03 0.0051016
0.031 0.0048502
0.032 0.0044936
0.033 0.0042393
0.034 0.0039901
0.035 0.0036628
0.036 0.0033774
0.037 0.0030815
0.038 0.0027676
0.039 0.0024878
0.04 0.0022015
0.041 0.002079
0.042 0.0019706
0.043 0.0018525
0.044 0.001761
0.045 0.001621
0.046 0.0015105
0.047 0.0014112
0.048 0.001314
0.049 0.0011983
0.05 0.0010616
0.051 0.0010325
0.052 0.0009899
0.053 0.0009397
0.054 0.0008758
0.055 0.0008476
0.056 0.0008255
0.057 0.0007489
0.058 0.0007101
0.059 0.0006594
0.06 0.0006189
0.061 0.0005954
0.062 0.0005815
0.063 0.0005686
0.064 0.0005449
0.065 0.0005346
0.066 0.0005033
0.067 0.0004732
0.068 0.0004692
0.069 0.000438
0.07 0.0004268
0.071 0.0004105
0.072 0.0004033
0.073 0.0003997
0.074 0.0003899
0.075 0.0003728
0.076 0.0003708
0.077 0.0003503
0.078 0.0003453
0.079 0.0003289
0.08 0.0003309
0.081 0.0003242
0.082 0.0003157
0.083 0.0003121
0.084 0.000314
0.085 0.0002897
0.086 0.0003048
0.087 0.0002877
0.088 0.0002835
0.089 0.0002719
0.09 0.0002651
0.091 0.0002634
0.092 0.0002623
0.093 0.0002584
0.094 0.0002616
0.095 0.0002437
0.096 0.0002428
0.097 0.000241
0.098 0.0002323
0.099 0.0002375
0.1 0.0002332
0.101 0.0002276
0.102 0.0002286
0.103 0.000222
0.104 0.0002201
0.105 0.0002123
0.106 0.0002154
0.107 0.0002039
0.108 0.0002037
0.109 0.0002001
0.11 0.0001994
0.111 0.0001939
0.112 0.0001942
0.113 0.0001865
0.114 0.0001893
0.115 0.0001892
0.116 0.0001865
0.117 0.0001822
0.118 0.0001735
0.119 0.0001682
0.12 0.0001665
0.121 0.0001758
0.122 0.0001688
0.123 0.0001645
0.124 0.0001647
0.125 0.0001646
0.126 0.0001588
0.127 0.0001515
0.128 0.0001559
0.129 0.0001471
0.13 0.00015
0.131 0.0001439
0.132 0.0001442
0.133 0.000132
0.134 0.0001384
0.135 0.0001408
0.136 0.0001361
0.137 0.0001368
0.138 0.0001303
0.139 0.0001341
0.14 0.000123
0.141 0.0001259
0.142 0.0001202
0.143 0.0001238
0.144 0.0001202
0.145 0.0001198
0.146 0.0001163
0.147 0.0001126
0.148 0.0001116
0.149 0.0001141
0.15 0.0001111
0.151 0.0001067
0.152 0.0001039
0.153 0.0001065
0.154 0.0001036
0.155 0.0001004
0.156 9.93e-05
0.157 9.77e-05
0.158 9.83e-05
0.159 0.0001014
0.16 9.87e-05
0.161 9.6e-05
0.162 8.76e-05
0.163 9.16e-05
0.164 9.6e-05
0.165 9.45e-05
0.166 9.57e-05
0.167 8.9e-05
0.168 9.01e-05
0.169 8.73e-05
0.17 8.11e-05
0.171 7.91e-05
0.172 8.02e-05
0.173 7.73e-05
0.174 7.51e-05
0.175 7.76e-05
0.176 7.51e-05
0.177 7.49e-05
0.178 7.1e-05
0.179 7.68e-05
0.18 6.98e-05
0.181 6.99e-05
0.182 6.91e-05
0.183 6.94e-05
0.184 6.88e-05
0.185 6.62e-05
0.186 6.43e-05
0.187 6.05e-05
0.188 6.45e-05
0.189 6.15e-05
0.19 6.35e-05
0.191 5.71e-05
0.192 6.22e-05
0.193 5.64e-05
0.194 6.23e-05
0.195 5.54e-05
0.196 5.44e-05
0.197 5.98e-05
0.198 5.51e-05
0.199 5.85e-05
0.2 5.55e-05
0.201 5.52e-05
0.202 5.35e-05
0.203 5.35e-05
0.204 4.98e-05
0.205 4.75e-05
0.206 4.97e-05
0.207 5.06e-05
0.208 4.92e-05
0.209 4.97e-05
0.21 4.38e-05
0.211 4.23e-05
0.212 4.34e-05
0.213 4.22e-05
0.214 4.4e-05
0.215 4.36e-05
0.216 3.99e-05
0.217 4.23e-05
0.218 4.57e-05
0.219 4.33e-05
0.22 3.87e-05
0.221 4.17e-05
0.222 4.18e-05
0.223 3.88e-05
0.224 3.77e-05
0.225 3.9e-05
0.226 4.1e-05
0.227 3.95e-05
0.228 3.43e-05
0.229 3.66e-05
0.23 3.66e-05
0.231 3.48e-05
0.232 3.23e-05
0.233 3.41e-05
0.234 3.3e-05
0.235 3.58e-05
0.236 3.04e-05
0.237 3.38e-05
0.238 2.87e-05
0.239 3.12e-05
0.24 2.84e-05
0.241 3.03e-05
0.242 3.16e-05
0.243 2.69e-05
0.244 3.15e-05
0.245 2.63e-05
0.246 2.74e-05
0.247 2.56e-05
0.248 2.52e-05
0.249 2.65e-05
0.25 2.56e-05
0.251 2.66e-05
0.252 2.36e-05
0.253 2.54e-05
0.254 2.24e-05
0.255 2.69e-05
0.256 2.51e-05
0.257 2.5e-05
0.258 2.68e-05
0.259 2.4e-05
0.26 2.21e-05
0.261 2.12e-05
0.262 2.46e-05
0.263 2.3e-05
0.264 2.03e-05
0.265 2.22e-05
0.266 2.21e-05
0.267 1.91e-05
0.268 1.92e-05
0.269 2.06e-05
0.27 2.06e-05
0.271 1.78e-05
0.272 1.86e-05
0.273 1.81e-05
0.274 2.04e-05
0.275 2.07e-05
0.276 1.97e-05
0.277 2e-05
0.278 1.75e-05
0.279 1.66e-05
0.28 1.5e-05
0.281 1.59e-05
0.282 1.73e-05
0.283 1.58e-05
0.284 1.75e-05
0.285 1.63e-05
0.286 1.53e-05
0.287 1.71e-05
0.288 1.38e-05
0.289 1.64e-05
0.29 1.45e-05
0.291 1.6e-05
0.292 1.25e-05
0.293 1.32e-05
0.294 1.27e-05
0.295 1.51e-05
0.296 1.33e-05
0.297 1.6e-05
0.298 1.05e-05
0.299 1.33e-05
0.3 1.31e-05
0.301 1.2e-05
0.302 1.19e-05
0.303 1.08e-05
0.304 1.25e-05
0.305 1.05e-05
0.306 1.23e-05
0.307 1e-05
0.308 1.2e-05
0.309 1.06e-05
0.31 1.02e-05
0.311 1.23e-05
0.312 1.12e-05
0.313 1.03e-05
0.314 1.17e-05
0.315 9.3e-06
0.316 1.07e-05
0.317 1.07e-05
0.318 8.2e-06
0.319 9e-06
0.32 9.6e-06
0.321 1.01e-05
0.322 9.2e-06
0.323 9.1e-06
0.324 1.06e-05
0.325 1e-05
0.326 8.4e-06
0.327 8.4e-06
0.328 9.9e-06
0.329 7.8e-06
0.33 1.04e-05
0.331 9.3e-06
0.332 9.6e-06
0.333 9.8e-06
0.334 7.9e-06
0.335 7.3e-06
0.336 9.2e-06
0.337 7.7e-06
0.338 6.9e-06
0.339 8.3e-06
0.34 7.6e-06
0.341 7.4e-06
0.342 6.7e-06
0.343 6.2e-06
0.344 7e-06
0.345 7.2e-06
0.346 7.4e-06
0.347 6.6e-06
0.348 6.9e-06
0.349 6.5e-06
0.35 7.1e-06
0.351 6.2e-06
0.352 7.6e-06
0.353 7.5e-06
0.354 6.2e-06
0.355 6.5e-06
0.356 5.5e-06
0.357 4.1e-06
0.358 6.3e-06
0.359 5.4e-06
0.36 5.2e-06
0.361 5.1e-06
0.362 4.8e-06
0.363 5e-06
0.364 5.8e-06
0.365 5.9e-06
0.366 5.2e-06
0.367 4.3e-06
0.368 5.5e-06
0.369 4.2e-06
0.37 5e-06
0.371 5.2e-06
0.372 3.3e-06
0.373 4.1e-06
0.374 4.2e-06
0.375 4.8e-06
0.376 4.3e-06
0.377 2.8e-06
0.378 5.1e-06
0.379 4.3e-06
0.38 4.1e-06
0.381 3.3e-06
0.382 4e-06
0.383 4.2e-06
0.384 4.5e-06
0.385 3.4e-06
0.386 4e-06
0.387 2.6e-06
0.388 3.8e-06
0.389 3.4e-06
0.39 3e-06
0.391 4e-06
0.392 3.4e-06
0.393 4e-06
0.394 3.3e-06
0.395 3.5e-06
0.396 4.1e-06
0.397 2.4e-06
0.398 3.8e-06
0.399 3.5e-06
0.4 2.8e-06
0.401 3.3e-06
0.402 3.7e-06
0.403 3.3e-06
0.404 3.4e-06
0.405 2.4e-06
0.406 2.8e-06
0.407 2.3e-06
0.408 2.5e-06
0.409 2.4e-06
0.41 3.1e-06
0.411 3.1e-06
0.412 2.6e-06
0.413 2.2e-06
0.414 2.7e-06
0.415 1.5e-06
0.416 3.2e-06
0.417 2.5e-06
0.418 2.5e-06
0.419 2.6e-06
0.42 3.6e-06
0.421 2.1e-06
0.422 1.9e-06
0.423 2.3e-06
0.424 2.2e-06
0.425 2.2e-06
0.426 2.2e-06
0.427 1.9e-06
0.428 1.6e-06
0.429 1.8e-06
0.43 1.8e-06
0.431 1.9e-06
0.432 2.2e-06
0.433 2e-06
0.434 2.9e-06
0.435 2.1e-06
0.436 2.2e-06
0.437 1.7e-06
0.438 2.6e-06
0.439 1.2e-06
0.44 1.3e-06
0.441 1.8e-06
0.442 1.9e-06
0.443 1.9e-06
0.444 2.2e-06
0.445 1.6e-06
0.446 2.2e-06
0.447 1.2e-06
0.448 1.7e-06
0.449 1.1e-06
0.45 1e-06
0.451 1.5e-06
0.452 1.1e-06
0.453 1.4e-06
0.454 1.6e-06
0.455 1.7e-06
0.456 1.6e-06
0.457 9e-07
0.458 1.5e-06
0.459 8e-07
0.46 1.1e-06
0.461 1.2e-06
0.462 1.4e-06
0.463 1.5e-06
0.464 5e-07
0.465 6e-07
0.466 2.2e-06
0.467 8e-07
0.468 1.3e-06
0.469 2.2e-06
0.47 1.6e-06
0.471 1.3e-06
0.472 1.2e-06
0.473 1.3e-06
0.474 9e-07
0.475 8e-07
0.476 1.6e-06
0.477 1.3e-06
0.478 1.1e-06
0.479 7e-07
0.48 6e-07
0.481 2e-07
0.482 1.2e-06
0.483 6e-07
0.484 9e-07
0.485 1.1e-06
0.486 8e-07
0.487 1.2e-06
0.488 1e-06
0.489 7e-07
0.49 9e-07
0.491 5e-07
0.492 8e-07
0.493 9e-07
0.494 1e-06
0.495 7e-07
0.496 9e-07
0.497 1.3e-06
0.498 8e-07
0.499 5e-07
0.5 9e-07
0.501 7e-07
0.502 7e-07
0.503 2e-07
0.504 8e-07
0.505 4e-07
0.506 8e-07
0.507 8e-07
0.508 2e-07
0.509 6e-07
0.51 5e-07
0.511 5e-07
0.512 9e-07
0.513 6e-07
0.514 4e-07
0.515 6e-07
0.516 3e-07
0.517 2e-07
0.518 8e-07
0.519 7e-07
0.52 9e-07
0.521 5e-07
0.522 3e-07
0.523 9e-07
0.524 4e-07
0.525 3e-07
0.526 1e-07
0.527 3e-07
0.528 2e-07
0.529 4e-07
0.53 6e-07
0.531 9e-07
0.532 0
0.533 8e-07
0.534 3e-07
0.535 4e-07
0.536 9e-07
0.537 4e-07
0.538 5e-07
0.539 9e-07
0.54 5e-07
0.541 3e-07
0.542 2e-07
0.543 2e-07
0.544 3e-07
0.545 4e-07
0.546 1e-07
0.547 5e-07
0.548 5e-07
0.549 8e-07
0.55 1e-07
0.551 3e-07
0.552 4e-07
0.553 3e-07
0.554 1e-07
0.555 2e-07
0.556 2e-07
0.557 3e-07
0.558 2e-07
0.559 3e-07
0.56 4e-07
0.561 4e-07
0.562 1e-07
0.563 3e-07
0.564 1.1e-06
0.565 1e-07
0.566 4e-07
0.567 4e-07
0.568 3e-07
0.569 5e-07
0.57 3e-07
0.571 3e-07
0.572 4e-07
0.573 2e-07
0.574 3e-07
0.575 0
0.576 4e-07
0.577 3e-07
0.578 2e-07
0.579 1e-07
0.58 1e-07
0.581 2e-07
0.582 3e-07
0.583 4e-07
0.584 1e-07
0.585 4e-07
0.586 4e-07
0.587 2e-07
0.588 1e-07
0.589 1e-07
0.59 2e-07
0.591 2e-07
0.592 3e-07
0.593 4e-07
0.594 2e-07
0.595 4e-07
0.596 1e-07
0.597 0
0.598 0
0.599 6e-07
0.6 0
0.601 1e-07
0.602 0
0.603 2e-07
0.604 2e-07
0.605 5e-07
0.606 2e-07
0.607 0
0.608 1e-07
0.609 2e-07
0.61 2e-07
0.611 1e-07
0.612 2e-07
0.613 1e-07
0.614 2e-07
0.615 0
0.616 0
0.617 2e-07
0.618 3e-07
0.619 0
0.62 0
0.621 1e-07
0.622 1e-07
0.623 1e-07
0.624 3e-07
0.625 2e-07
0.626 0
0.627 0
0.628 1e-07
0.629 0
0.63 0
0.631 3e-07
0.632 2e-07
0.633 1e-07
0.634 3e-07
0.635 3e-07
0.636 1e-07
0.637 1e-07
0.638 1e-07
0.639 2e-07
0.64 0
0.641 0
0.642 1e-07
0.643 0
0.644 0
0.645 1e-07
0.646 0
0.647 0
0.648 1e-07
0.649 0
0.65 1e-07
0.651 0
0.652 0
0.653 1e-07
0.654 0
0.655 0
0.656 1e-07
0.657 1e-07
0.658 1e-07
0.659 2e-07
0.66 2e-07
0.661 0
0.662 0
0.663 1e-07
0.664 0
0.665 1e-07
0.666 1e-07
0.667 1e-07
0.668 2e-07
0.669 2e-07
0.67 0
0.671 0
0.672 0
0.673 0
0.674 2e-07
0.675 1e-07
0.676 0
0.677 1e-07
0.678 0
0.679 1e-07
0.68 0
0.681 2e-07
0.682 1e-07
0.683 2e-07
0.684 0
0.685 0
0.686 1e-07
0.687 1e-07
0.688 0
0.689 0
0.69 0
0.691 1e-07
0.692 0
0.693 1e-07
0.694 2e-07
0.695 1e-07
0.696 0
0.697 0
0.698 1e-07
0.699 0
0.7 1e-07
0.701 0
0.702 0
0.703 1e-07
0.704 0
0.705 0
0.706 0
0.707 0
0.708 1e-07
0.709 0
0.71 1e-07
0.711 0
0.712 1e-07
0.713 0
0.714 0
0.715 1e-07
0.716 0
0.717 0
0.718 1e-07
0.719 0
0.72 0
0.721 1e-07
0.722 0
0.723 0
0.724 0
0.725 0
0.726 0
0.727 2e-07
0.728 0
0.729 0
0.73 0
0.731 0
0.732 0
0.733 0
0.734 0
0.735 0
0.736 0
0.737 0
0.738 0
0.739 0
0.74 1e-07
0.741 0
0.742 1e-07
0.743 0
0.744 1e-07
0.745 0
0.746 0
0.747 0
0.748 0
0.749 0
0.75 0
0.751 0
0.752 0
0.753 0
0.754 0
0.755 0
0.756 0
0.757 1e-07
0.758 0
0.759 1e-07
0.76 0
0.761 0
0.762 0
0.763 0
0.764 1e-07
0.765 0
0.766 0
0.767 0
0.768 0
0.769 1e-07
0.77 0
0.771 0
0.772 0
0.773 0
0.774 0
0.775 0
0.776 0
0.777 1e-07
0.778 0
0.779 0
0.78 0
0.781 0
0.782 0
0.783 1e-07
0.784 0
0.785 0
0.786 0
0.787 0
0.788 0
0.789 0
0.79 0
0.791 0
0.792 0
0.793 0
0.794 0
0.795 0
0.796 0
0.797 1e-07
0.798 0
0.799 0
0.8 0
0.801 1e-07
0.802 0
0.803 0
0.804 0
0.805 0
0.806 0
0.807 0
0.808 0
0.809 0
0.81 0
0.811 0
0.812 0
0.813 0
0.814 0
0.815 0
0.816 0
0.817 0
0.818 0
0.819 0
0.82 0
0.821 0
0.822 0
0.823 0
0.824 0
0.825 0
0.826 0
0.827 0
0.828 0
0.829 0
0.83 0
0.831 0
0.832 0
0.833 0
0.834 0
0.835 0
0.836 0
0.837 0
0.838 0
0.839 0
0.84 0
0.841 0
0.842 0
0.843 0
0.844 0
0.845 0
0.846 0
0.847 0
0.848 0
0.849 0
0.85 0
0.851 0
0.852 0
0.853 0
0.854 0
0.855 0
0.856 0
0.857 0
0.858 0
0.859 0
0.86 0
0.861 0
0.862 0
0.863 0
0.864 0
0.865 0
0.866 0
0.867 0
0.868 0
0.869 0
0.87 0
0.871 0
0.872 0
0.873 0
0.874 0
0.875 0
0.876 0
0.877 0
0.878 0
0.879 0
0.88 0
0.881 0
0.882 0
0.883 0
0.884 0
0.885 0
0.886 0
0.887 0
0.888 0
0.889 0
0.89 0
0.891 0
0.892 0
0.893 0
0.894 0
0.895 0
0.896 0
0.897 0
0.898 0
0.899 0
0.9 0
0.901 1e-07
0.902 0
0.903 0
0.904 0
0.905 0
0.906 0
0.907 0
0.908 0
0.909 0
0.91 0
0.911 0
0.912 0
0.913 0
0.914 0
0.915 0
0.916 0
0.917 0
0.918 0
0.919 0
0.92 0
0.921 0
0.922 0
0.923 0
0.924 0
0.925 0
0.926 0
0.927 0
0.928 0
0.929 0
0.93 0
0.931 0
0.932 0
0.933 0
0.934 0
0.935 0
0.936 0
0.937 0
0.938 0
0.939 0
0.94 0
0.941 0
0.942 0
0.943 0
0.944 0
0.945 0
0.946 0
0.947 0
0.948 0
0.949 0
0.95 0
0.951 0
0.952 0
0.953 0
0.954 0
0.955 0
0.956 0
0.957 0
0.958 0
0.959 0
0.96 0
0.961 0
0.962 0
0.963 0
0.964 0
0.965 0
0.966 0
0.967 0
0.968 0
0.969 0
0.97 0
0.971 0
0.972 0
0.973 0
0.974 0
0.975 0
0.976 0
0.977 0
0.978 0
0.979 0
0.98 0
0.981 0
0.982 0
0.983 0
0.984 0
0.985 0
0.986 0
0.987 0
0.988 0
0.989 0
0.99 0
0.991 0
0.992 0
0.993 0
0.994 0
0.995 0
0.996 0
0.997 0
0.998 0
0.999 0
1 0
