0.001 0.0472926
0.002 0.0453117
0.003 0.0432873
0.004 0.0415705
0.005 0.0394634
0.006 0.0377692
0.007 0.0359471
0.008 0.0339161
0.009 0.0319635
0.01 0.030066
0.011 0.0287881
0.012 0.0275639
0.013 0.0264213
0.014 0.0252371
0.015 0.0241658
0.016 0.0229927
0.017 0.0216842
0.018 0.0206638
0.019 0.0194905
0.02 0.0183061
0.021 0.0175307
0.022 0.0168628
0.023 0.0161266
0.024 0.0154636
0.025 0.0147564
0.026 0.0140361
0.027 0.0133277
0.028 0.0126124
0.029 0.0119697
0.03 0.0112131
0.031 0.0107295
0.032 0.0102506
0.033 0.0098481
0.034 0.009417
0.035 0.0090255
0.036 0.0085684
0.037 0.0081161
0.038 0.0077048
0.039 0.0073231
0.04 0.006852
0.041 0.0065984
0.042 0.0063029
0.043 0.006055
0.044 0.0057558
0.045 0.005529
0.046 0.0052716
0.047 0.0049578
0.048 0.0047493
0.049 0.0044861
0.05 0.0042286
0.051 0.0040425
0.052 0.003885
0.053 0.0036944
0.054 0.0035487
0.055 0.0034295
0.056 0.0032655
0.057 0.0030961
0.058 0.0029478
0.059 0.002787
0.06 0.0026098
0.061 0.0025202
0.062 0.0024393
0.063 0.0023042
0.064 0.0022186
0.065 0.0021209
0.066 0.002028
0.067 0.0019075
0.068 0.0018246
0.069 0.001762
0.07 0.0016264
0.071 0.0015716
0.072 0.0015095
0.073 0.0014251
0.074 0.0014002
0.075 0.0013235
0.076 0.0012426
0.077 0.0011957
0.078 0.0011516
0.079 0.0010799
0.08 0.0010094
0.081 0.0009784
0.082 0.0009324
0.083 0.0009097
0.084 0.0008584
0.085 0.0008269
0.086 0.0008014
0.087 0.0007658
0.088 0.0007232
0.089 0.0006772
0.09 0.0006545
0.091 0.0006224
0.092 0.0005987
0.093 0.0005894
0.094 0.0005668
0.095 0.0005428
0.096 0.0005103
0.097 0.0004957
0.098 0.0004686
0.099 0.0004568
0.1 0.0004244
0.101 0.0004078
0.102 0.0003941
0.103 0.0003924
0.104 0.0003648
0.105 0.0003492
0.106 0.0003253
0.107 0.0003257
0.108 0.0003082
0.109 0.0002954
0.11 0.0002743
0.111 0.0002686
0.112 0.0002607
0.113 0.000243
0.114 0.0002445
0.115 0.0002272
0.116 0.0002199
0.117 0.0002069
0.118 0.0002141
0.119 0.0001955
0.12 0.0001852
0.121 0.0001938
0.122 0.0001854
0.123 0.0001752
0.124 0.0001583
0.125 0.0001546
0.126 0.0001509
0.127 0.0001447
0.128 0.0001411
0.129 0.0001337
0.13 0.0001278
0.131 0.000128
0.132 0.0001124
0.133 0.0001169
0.134 0.0001153
0.135 0.0001086
0.136 0.0001067
0.137 0.0001
0.138 0.0001003
0.139 0.0001003
0.14 9.4e-05
0.141 9.17e-05
0.142 8.49e-05
0.143 8.21e-05
0.144 8.32e-05
0.145 8.11e-05
0.146 7.24e-05
0.147 7.04e-05
0.148 7.07e-05
0.149 6.74e-05
0.15 6.96e-05
0.151 6.77e-05
0.152 6.21e-05
0.153 6.57e-05
0.154 5.99e-05
0.155 6.06e-05
0.156 6.22e-05
0.157 5.24e-05
0.158 5.69e-05
0.159 5.21e-05
0.16 4.93e-05
0.161 5.17e-05
0.162 4.74e-05
0.163 4.62e-05
0.164 4.48e-05
0.165 4.17e-05
0.166 4.54e-05
0.167 3.97e-05
0.168 4.2e-05
0.169 3.96e-05
0.17 3.5e-05
0.171 3.63e-05
0.172 3.69e-05
0.173 3.37e-05
0.174 3.55e-05
0.175 3.14e-05
0.176 3.79e-05
0.177 3.36e-05
0.178 3.54e-05
0.179 3.07e-05
0.18 2.82e-05
0.181 3.21e-05
0.182 2.9e-05
0.183 2.96e-05
0.184 2.76e-05
0.185 2.57e-05
0.186 2.67e-05
0.187 2.67e-05
0.188 2.29e-05
0.189 2.43e-05
0.19 2.63e-05
0.191 2.6e-05
0.192 2.57e-05
0.193 2.29e-05
0.194 2.1e-05
0.195 1.96e-05
0.196 2.18e-05
0.197 2.06e-05
0.198 2.1e-05
0.199 2.03e-05
0.2 2.14e-05
0.201 1.89e-05
0.202 1.95e-05
0.203 1.77e-05
0.204 1.74e-05
0.205 1.54e-05
0.206 1.78e-05
0.207 1.75e-05
0.208 1.85e-05
0.209 1.47e-05
0.21 1.59e-05
0.211 1.51e-05
0.212 1.47e-05
0.213 1.32e-05
0.214 1.44e-05
0.215 1.46e-05
0.216 1.27e-05
0.217 1.48e-05
0.218 1.25e-05
0.219 1.3e-05
0.22 1.46e-05
0.221 1.31e-05
0.222 1.36e-05
0.223 1.23e-05
0.224 1.22e-05
0.225 1.04e-05
0.226 1.16e-05
0.227 1.09e-05
0.228 1.24e-05
0.229 1.13e-05
0.23 1.2e-05
0.231 1.19e-05
0.232 1.01e-05
0.233 1.16e-05
0.234 1.01e-05
0.235 1.13e-05
0.236 1.09e-05
0.237 1.14e-05
0.238 1.12e-05
0.239 8.4e-06
0.24 1.07e-05
0.241 9.7e-06
0.242 8e-06
0.243 1.04e-05
0.244 8.3e-06
0.245 8.6e-06
0.246 7.4e-06
0.247 8e-06
0.248 9.8e-06
0.249 7.2e-06
0.25 8.4e-06
0.251 7.8e-06
0.252 8.5e-06
0.253 7.4e-06
0.254 9.6e-06
0.255 7.3e-06
0.256 7.4e-06
0.257 6.9e-06
0.258 5.8e-06
0.259 6.8e-06
0.26 6.4e-06
0.261 6.2e-06
0.262 5.3e-06
0.263 5.9e-06
0.264 6.7e-06
0.265 6.4e-06
0.266 5.6e-06
0.267 6.4e-06
0.268 5.2e-06
0.269 5.6e-06
0.27 5.6e-06
0.271 4.3e-06
0.272 5.2e-06
0.273 5.1e-06
0.274 5.6e-06
0.275 3.4e-06
0.276 5.3e-06
0.277 5.4e-06
0.278 4.4e-06
0.279 4e-06
0.28 5.2e-06
0.281 4.8e-06
0.282 4.4e-06
0.283 4.1e-06
0.284 3.6e-06
0.285 4.3e-06
0.286 4e-06
0.287 4.2e-06
0.288 4e-06
0.289 4.5e-06
0.29 3.9e-06
0.291 4.7e-06
0.292 2.7e-06
0.293 5e-06
0.294 4.2e-06
0.295 2.7e-06
0.296 4.6e-06
0.297 3.7e-06
0.298 3.6e-06
0.299 3e-06
0.3 3.1e-06
0.301 2.9e-06
0.302 2.9e-06
0.303 3.6e-06
0.304 3.3e-06
0.305 2.7e-06
0.306 3.4e-06
0.307 2.4e-06
0.308 2.9e-06
0.309 3.1e-06
0.31 3.2e-06
0.311 3.1e-06
0.312 3.7e-06
0.313 2.3e-06
0.314 2.5e-06
0.315 2.6e-06
0.316 1.9e-06
0.317 3.2e-06
0.318 1.8e-06
0.319 2.1e-06
0.32 1.9e-06
0.321 2.2e-06
0.322 2.3e-06
0.323 3.2e-06
0.324 2.9e-06
0.325 2.2e-06
0.326 2.2e-06
0.327 3e-06
0.328 1.4e-06
0.329 1.6e-06
0.33 2.3e-06
0.331 1.9e-06
0.332 2.4e-06
0.333 2.3e-06
0.334 2.3e-06
0.335 1.7e-06
0.336 1.4e-06
0.337 1.3e-06
0.338 1.7e-06
0.339 1.2e-06
0.34 1.9e-06
0.341 1.8e-06
0.342 1.9e-06
0.343 1.4e-06
0.344 1.4e-06
0.345 1.1e-06
0.346 1.7e-06
0.347 1.2e-06
0.348 1.9e-06
0.349 9e-07
0.35 6e-07
0.351 2.2e-06
0.352 9e-07
0.353 2.1e-06
0.354 2.3e-06
0.355 1.5e-06
0.356 1.5e-06
0.357 1.5e-06
0.358 1e-06
0.359 1.3e-06
0.36 1.8e-06
0.361 1e-06
0.362 1.2e-06
0.363 7e-07
0.364 4e-07
0.365 1.3e-06
0.366 6e-07
0.367 1.4e-06
0.368 8e-07
0.369 1.6e-06
0.37 1e-06
0.371 9e-07
0.372 7e-07
0.373 7e-07
0.374 1.2e-06
0.375 1.2e-06
0.376 7e-07
0.377 1.6e-06
0.378 1.1e-06
0.379 4e-07
0.38 1.2e-06
0.381 7e-07
0.382 9e-07
0.383 3e-07
0.384 6e-07
0.385 1e-06
0.386 9e-07
0.387 3e-07
0.388 5e-07
0.389 6e-07
0.39 9e-07
0.391 1e-06
0.392 4e-07
0.393 6e-07
0.394 4e-07
0.395 5e-07
0.396 1e-06
0.397 7e-07
0.398 8e-07
0.399 4e-07
0.4 8e-07
0.401 6e-07
0.402 1e-07
0.403 4e-07
0.404 0
0.405 8e-07
0.406 5e-07
0.407 8e-07
0.408 4e-07
0.409 6e-07
0.41 5e-07
0.411 1e-06
0.412 5e-07
0.413 9e-07
0.414 5e-07
0.415 4e-07
0.416 4e-07
0.417 2e-07
0.418 3e-07
0.419 4e-07
0.42 3e-07
0.421 7e-07
0.422 7e-07
0.423 3e-07
0.424 3e-07
0.425 4e-07
0.426 4e-07
0.427 2e-07
0.428 2e-07
0.429 3e-07
0.43 2e-07
0.431 4e-07
0.432 6e-07
0.433 2e-07
0.434 3e-07
0.435 1.1e-06
0.436 1e-07
0.437 7e-07
0.438 3e-07
0.439 3e-07
0.44 5e-07
0.441 4e-07
0.442 4e-07
0.443 3e-07
0.444 2e-07
0.445 2e-07
0.446 5e-07
0.447 2e-07
0.448 1e-07
0.449 1e-07
0.45 4e-07
0.451 4e-07
0.452 2e-07
0.453 4e-07
0.454 4e-07
0.455 2e-07
0.456 2e-07
0.457 1e-07
0.458 2e-07
0.459 3e-07
0.46 6e-07
0.461 3e-07
0.462 3e-07
0.463 0
0.464 0
0.465 6e-07
0.466 0
0.467 1e-07
0.468 1e-07
0.469 2e-07
0.47 5e-07
0.471 3e-07
0.472 0
0.473 1e-07
0.474 2e-07
0.475 3e-07
0.476 2e-07
0.477 1e-07
0.478 2e-07
0.479 0
0.48 0
0.481 5e-07
0.482 0
0.483 0
0.484 1e-07
0.485 1e-07
0.486 2e-07
0.487 4e-07
0.488 0
0.489 0
0.49 1e-07
0.491 0
0.492 0
0.493 3e-07
0.494 2e-07
0.495 2e-07
0.496 5e-07
0.497 1e-07
0.498 1e-07
0.499 2e-07
0.5 1e-07
0.501 0
0.502 1e-07
0.503 0
0.504 0
0.505 1e-07
0.506 0
0.507 1e-07
0.508 0
0.509 1e-07
0.51 0
0.511 1e-07
0.512 0
0.513 0
0.514 1e-07
0.515 1e-07
0.516 1e-07
0.517 2e-07
0.518 2e-07
0.519 0
0.52 1e-07
0.521 0
0.522 1e-07
0.523 2e-07
0.524 0
0.525 3e-07
0.526 1e-07
0.527 0
0.528 0
0.529 0
0.53 2e-07
0.531 1e-07
0.532 0
0.533 1e-07
0.534 1e-07
0.535 0
0.536 2e-07
0.537 2e-07
0.538 1e-07
0.539 0
0.54 1e-07
0.541 1e-07
0.542 0
0.543 0
0.544 0
0.545 1e-07
0.546 0
0.547 3e-07
0.548 1e-07
0.549 0
0.55 0
0.551 1e-07
0.552 0
0.553 1e-07
0.554 0
0.555 1e-07
0.556 0
0.557 0
0.558 0
0.559 0
0.56 1e-07
0.561 1e-07
0.562 1e-07
0.563 0
0.564 0
0.565 1e-07
0.566 0
0.567 0
0.568 1e-07
0.569 0
0.57 1e-07
0.571 0
0.572 0
0.573 0
0.574 0
0.575 1e-07
0.576 1e-07
0.577 0
0.578 0
0.579 0
0.58 0
0.581 0
0.582 0
0.583 0
0.584 0
0.585 0
0.586 0
0.587 1e-07
0.588 0
0.589 1e-07
0.59 1e-07
0.591 0
0.592 0
0.593 0
0.594 0
0.595 0
0.596 0
0.597 0
0.598 0
0.599 0
0.6 0
0.601 0
0.602 1e-07
0.603 0
0.604 1e-07
0.605 0
0.606 0
0.607 0
0.608 0
0.609 1e-07
0.61 0
0.611 0
0.612 0
0.613 1e-07
0.614 0
0.615 0
0.616 0
0.617 0
0.618 0
0.619 0
0.62 1e-07
0.621 0
0.622 0
0.623 0
0.624 0
0.625 1e-07
0.626 0
0.627 0
0.628 0
0.629 0
0.63 0
0.631 0
0.632 0
0.633 0
0.634 0
0.635 0
0.636 0
0.637 0
0.638 1e-07
0.639 0
0.64 0
0.641 0
0.642 1e-07
0.643 0
0.644 0
0.645 0
0.646 0
0.647 0
0.648 0
0.649 0
0.65 0
0.651 0
0.652 0
0.653 0
0.654 0
0.655 0
0.656 0
0.657 0
0.658 0
0.659 0
0.66 0
0.661 0
0.662 0
0.663 0
0.664 0
0.665 0
0.666 0
0.667 0
0.668 0
0.669 0
0.67 0
0.671 0
0.672 0
0.673 0
0.674 0
0.675 0
0.676 0
0.677 0
0.678 0
0.679 0
0.68 0
0.681 0
0.682 0
0.683 0
0.684 0
0.685 0
0.686 0
0.687 0
0.688 0
0.689 0
0.69 0
0.691 0
0.692 0
0.693 0
0.694 0
0.695 0
0.696 0
0.697 0
0.698 0
0.699 0
0.7 0
0.701 0
0.702 0
0.703 0
0.704 0
0.705 0
0.706 0
0.707 0
0.708 0
0.709 0
0.71 0
0.711 0
0.712 0
0.713 0
0.714 0
0.715 0
0.716 0
0.717 0
0.718 0
0.719 0
0.72 0
0.721 0
0.722 0
0.723 0
0.724 0
0.725 0
0.726 0
0.727 0
0.728 0
0.729 0
0.73 0
0.731 0
0.732 0
0.733 0
0.734 0
0.735 0
0.736 0
0.737 0
0.738 0
0.739 0
0.74 1e-07
0.741 0
0.742 0
0.743 0
0.744 0
0.745 0
0.746 0
0.747 0
0.748 0
0.749 0
0.75 0
0.751 0
0.752 0
0.753 0
0.754 0
0.755 0
0.756 0
0.757 0
0.758 0
0.759 0
0.76 0
0.761 0
0.762 0
0.763 0
0.764 0
0.765 0
0.766 0
0.767 0
0.768 0
0.769 0
0.77 0
0.771 0
0.772 0
0.773 0
0.774 0
0.775 0
0.776 0
0.777 0
0.778 0
0.779 0
0.78 0
0.781 0
0.782 0
0.783 0
0.784 0
0.785 0
0.786 0
0.787 0
0.788 0
0.789 0
0.79 0
0.791 0
0.792 0
0.793 0
0.794 0
0.795 0
0.796 0
0.797 0
0.798 0
0.799 0
0.8 0
0.801 0
0.802 0
0.803 0
0.804 0
0.805 0
0.806 0
0.807 0
0.808 0
0.809 0
0.81 0
0.811 0
0.812 0
0.813 0
0.814 0
0.815 0
0.816 0
0.817 0
0.818 0
0.819 0
0.82 0
0.821 0
0.822 0
0.823 0
0.824 0
0.825 0
0.826 0
0.827 0
0.828 0
0.829 0
0.83 0
0.831 0
0.832 0
0.833 0
0.834 0
0.835 0
0.836 0
0.837 0
0.838 0
0.839 0
0.84 0
0.841 0
0.842 0
0.843 0
0.844 0
0.845 0
0.846 0
0.847 0
0.848 0
0.849 0
0.85 0
0.851 0
0.852 0
0.853 0
0.854 0
0.855 0
0.856 0
0.857 0
0.858 0
0.859 0
0.86 0
0.861 0
0.862 0
0.863 0
0.864 0
0.865 0
0.866 0
0.867 0
0.868 0
0.869 0
0.87 0
0.871 0
0.872 0
0.873 0
0.874 0
0.875 0
0.876 0
0.877 0
0.878 0
0.879 0
0.88 0
0.881 0
0.882 0
0.883 0
0.884 0
0.885 0
0.886 0
0.887 0
0.888 0
0.889 0
0.89 0
0.891 0
0.892 0
0.893 0
0.894 0
0.895 0
0.896 0
0.897 0
0.898 0
0.899 0
0.9 0
0.901 0
0.902 0
0.903 0
0.904 0
0.905 0
0.906 0
0.907 0
0.908 0
0.909 0
0.91 0
0.911 0
0.912 0
0.913 0
0.914 0
0.915 0
0.916 0
0.917 0
0.918 0
0.919 0
0.92 0
0.921 0
0.922 0
0.923 0
0.924 0
0.925 0
0.926 0
0.927 0
0.928 0
0.929 0
0.93 0
0.931 0
0.932 0
0.933 0
0.934 0
0.935 0
0.936 0
0.937 0
0.938 0
0.939 0
0.94 0
0.941 0
0.942 0
0.943 0
0.944 0
0.945 0
0.946 0
0.947 0
0.948 0
0.949 0
0.95 0
0.951 0
0.952 0
0.953 0
0.954 0
0.955 0
0.956 0
0.957 0
0.958 0
0.959 0
0.96 0
0.961 0
0.962 0
0.963 0
0.964 0
0.965 0
0.966 0
0.967 0
0.968 0
0.969 0
0.97 0
0.971 0
0.972 0
0.973 0
0.974 0
0.975 0
0.976 0
0.977 0
0.978 0
0.979 0
0.98 0
0.981 0
0.982 0
0.983 0
0.984 0
0.985 0
0.986 0
0.987 0
0.988 0
0.989 0
0.99 0
0.991 0
0.992 0
0.993 0
0.994 0
0.995 0
0.996 0
0.997 0
0.998 0
0.999 0
1 0
