0.001 0.0594365
0.002 0.0556152
0.003 0.0519745
0.004 0.0481483
0.005 0.0445923
0.006 0.0409864
0.007 0.037025
0.008 0.0334135
0.009 0.0296731
0.01 0.0258609
0.011 0.0248095
0.012 0.0232894
0.013 0.0218986
0.014 0.0205909
0.015 0.0191438
0.016 0.0176953
0.017 0.0162443
0.018 0.0149178
0.019 0.0135502
0.02 0.0120675
0.021 0.0116085
0.022 0.0110615
0.023 0.0105172
0.024 0.0100148
0.025 0.0093888
0.026 0.0089044
0.027 0.0083802
0.028 0.0077541
0.029 0.0072474
0.03 0.006664
0.031 0.006515
0.032 0.0062068
0.033 0.0060128
0.034 0.0057798
0.035 0.0055108
0.036 0.0053065
0.037 0.0050829
0.038 0.0048911
0.039 0.0046159
0.04 0.0043751
0.041 0.004287
0.042 0.0041707
0.043 0.0040543
0.044 0.003958
0.045 0.0038268
0.046 0.0036884
0.047 0.0036137
0.048 0.0034766
0.049 0.0033861
0.05 0.0032682
0.051 0.0032047
0.052 0.0031758
0.053 0.0030579
0.054 0.0030151
0.055 0.0029489
0.056 0.0029192
0.057 0.0028628
0.058 0.0027693
0.059 0.0027285
0.06 0.0026449
0.061 0.0025833
0.062 0.0025588
0.063 0.002514
0.064 0.0025012
0.065 0.0024055
0.066 0.0023897
0.067 0.0023743
0.068 0.0023216
0.069 0.0022867
0.07 0.0021947
0.071 0.0022143
0.072 0.0021569
0.073 0.0021317
0.074 0.0021275
0.075 0.0020599
0.076 0.0020337
0.077 0.0019852
0.078 0.0019637
0.079 0.001945
0.08 0.0019133
0.081 0.0018872
0.082 0.0018448
0.083 0.0018193
0.084 0.0017897
0.085 0.0017568
0.086 0.0017354
0.087 0.001725
0.088 0.0017003
0.089 0.0016598
0.09 0.0016552
0.091 0.0016065
0.092 0.0016082
0.093 0.0015657
0.094 0.0015296
0.095 0.0015213
0.096 0.001506
0.097 0.0014897
0.098 0.0014615
0.099 0.0014377
0.1 0.0014278
0.101 0.0013917
0.102 0.0013621
0.103 0.0013511
0.104 0.0013584
0.105 0.00135
0.106 0.0013
0.107 0.0012754
0.108 0.0012893
0.109 0.001224
0.11 0.0012383
0.111 0.0012194
0.112 0.0011885
0.113 0.0011735
0.114 0.0011443
0.115 0.0011313
0.116 0.0011339
0.117 0.0011083
0.118 0.0010811
0.119 0.0010991
0.12 0.0010812
0.121 0.0010616
0.122 0.0010425
0.123 0.0010311
0.124 0.0010099
0.125 0.0010001
0.126 0.0009806
0.127 0.000952
0.128 0.000975
0.129 0.0009451
0.13 0.0009146
0.131 0.0009183
0.132 0.0009121
0.133 0.0008847
0.134 0.0008814
0.135 0.0008548
0.136 0.0008463
0.137 0.0008508
0.138 0.0008318
0.139 0.0008066
0.14 0.0008203
0.141 0.0008048
0.142 0.0007756
0.143 0.0007754
0.144 0.0007421
0.145 0.0007507
0.146 0.0007308
0.147 0.0007288
0.148 0.0007244
0.149 0.0007044
0.15 0.0006939
0.151 0.0006873
0.152 0.00069
0.153 0.0006663
0.154 0.0006546
0.155 0.0006461
0.156 0.0006253
0.157 0.0006333
0.158 0.0006141
0.159 0.000617
0.16 0.0005974
0.161 0.0006051
0.162 0.0005977
0.163 0.0005902
0.164 0.0005796
0.165 0.0005532
0.166 0.0005549
0.167 0.0005523
0.168 0.000536
0.169 0.0005336
0.17 0.0005277
0.171 0.0005155
0.172 0.0005079
0.173 0.0004886
0.174 0.0004922
0.175 0.0004875
0.176 0.0004886
0.177 0.0004851
0.178 0.0004567
0.179 0.0004545
0.18 0.0004559
0.181 0.0004445
0.182 0.00043
0.183 0.0004346
0.184 0.0004214
0.185 0.0004159
0.186 0.0004169
0.187 0.0004177
0.188 0.0004063
0.189 0.0003937
0.19 0.0003962
0.191 0.0003857
0.192 0.0003751
0.193 0.0003668
0.194 0.0003768
0.195 0.000353
0.196 0.0003641
0.197 0.0003492
0.198 0.0003446
0.199 0.0003434
0.2 0.0003384
0.201 0.0003355
0.202 0.0003232
0.203 0.000325
0.204 0.000319
0.205 0.000313
0.206 0.0003052
0.207 0.0003025
0.208 0.0003074
0.209 0.0002917
0.21 0.0002951
0.211 0.0002915
0.212 0.0002925
0.213 0.0002736
0.214 0.0002861
0.215 0.000278
0.216 0.0002653
0.217 0.0002675
0.218 0.0002566
0.219 0.0002545
0.22 0.0002557
0.221 0.0002514
0.222 0.0002535
0.223 0.000241
0.224 0.0002418
0.225 0.0002364
0.226 0.0002357
0.227 0.0002251
0.228 0.0002325
0.229 0.0002332
0.23 0.0002189
0.231 0.0002206
0.232 0.0002183
0.233 0.0002233
0.234 0.0002021
0.235 0.0002097
0.236 0.000208
0.237 0.0001929
0.238 0.0002014
0.239 0.0002007
0.24 0.0001893
0.241 0.0001903
0.242 0.0001835
0.243 0.0001947
0.244 0.0001819
0.245 0.0001894
0.246 0.0001789
0.247 0.0001719
0.248 0.0001652
0.249 0.0001681
0.25 0.000174
0.251 0.0001657
0.252 0.0001643
0.253 0.000164
0.254 0.000165
0.255 0.0001556
0.256 0.0001535
0.257 0.0001493
0.258 0.0001516
0.259 0.0001469
0.26 0.0001482
0.261 0.0001377
0.262 0.000133
0.263 0.0001373
0.264 0.0001423
0.265 0.0001358
0.266 0.0001345
0.267 0.000131
0.268 0.0001317
0.269 0.0001245
0.27 0.0001247
0.271 0.0001206
0.272 0.0001222
0.273 0.0001223
0.274 0.0001146
0.275 0.0001195
0.276 0.0001117
0.277 0.0001102
0.278 0.0001145
0.279 0.000107
0.28 0.0001076
0.281 0.0001067
0.282 0.0001065
0.283 9.92e-05
0.284 0.0001025
0.285 9.88e-05
0.286 9.53e-05
0.287 0.0001019
0.288 0.0001013
0.289 9.75e-05
0.29 9.19e-05
0.291 8.91e-05
0.292 9.3e-05
0.293 9.52e-05
0.294 9.54e-05
0.295 9.48e-05
0.296 8.89e-05
0.297 8.82e-05
0.298 8.73e-05
0.299 8.06e-05
0.3 7.86e-05
0.301 7.84e-05
0.302 7.7e-05
0.303 7.57e-05
0.304 7.87e-05
0.305 7.59e-05
0.306 7.27e-05
0.307 7.19e-05
0.308 7.44e-05
0.309 7.21e-05
0.31 6.85e-05
0.311 6.87e-05
0.312 6.98e-05
0.313 6.95e-05
0.314 6.34e-05
0.315 6.18e-05
0.316 6.4e-05
0.317 6.36e-05
0.318 6.22e-05
0.319 6.24e-05
0.32 5.84e-05
0.321 6.09e-05
0.322 5.77e-05
0.323 6.26e-05
0.324 5.51e-05
0.325 5.36e-05
0.326 5.88e-05
0.327 5.65e-05
0.328 5.81e-05
0.329 5.49e-05
0.33 5.42e-05
0.331 5.35e-05
0.332 5.28e-05
0.333 4.81e-05
0.334 4.88e-05
0.335 5.02e-05
0.336 4.82e-05
0.337 5.17e-05
0.338 4.65e-05
0.339 4.52e-05
0.34 4.25e-05
0.341 4.37e-05
0.342 4.27e-05
0.343 4.29e-05
0.344 4.32e-05
0.345 4.16e-05
0.346 4.21e-05
0.347 4.52e-05
0.348 4.1e-05
0.349 3.88e-05
0.35 4.4e-05
0.351 4.03e-05
0.352 3.94e-05
0.353 3.6e-05
0.354 4.01e-05
0.355 4.17e-05
0.356 3.72e-05
0.357 3.45e-05
0.358 3.64e-05
0.359 3.69e-05
0.36 3.5e-05
0.361 3.22e-05
0.362 3.47e-05
0.363 3.43e-05
0.364 3.47e-05
0.365 2.87e-05
0.366 3.31e-05
0.367 2.91e-05
0.368 3.05e-05
0.369 2.98e-05
0.37 3.07e-05
0.371 3e-05
0.372 2.68e-05
0.373 3.17e-05
0.374 2.71e-05
0.375 2.58e-05
0.376 2.64e-05
0.377 2.47e-05
0.378 2.64e-05
0.379 2.69e-05
0.38 2.51e-05
0.381 2.41e-05
0.382 2.46e-05
0.383 2.24e-05
0.384 2.7e-05
0.385 2.61e-05
0.386 2.49e-05
0.387 2.66e-05
0.388 2.32e-05
0.389 2.1e-05
0.39 2.31e-05
0.391 2.36e-05
0.392 2.38e-05
0.393 1.97e-05
0.394 2.26e-05
0.395 2.07e-05
0.396 1.91e-05
0.397 2.02e-05
0.398 2.07e-05
0.399 1.98e-05
0.4 1.74e-05
0.401 1.91e-05
0.402 1.85e-05
0.403 2.03e-05
0.404 2.1e-05
0.405 1.82e-05
0.406 1.99e-05
0.407 1.81e-05
0.408 1.61e-05
0.409 1.51e-05
0.41 1.62e-05
0.411 1.74e-05
0.412 1.54e-05
0.413 1.7e-05
0.414 1.6e-05
0.415 1.65e-05
0.416 1.63e-05
0.417 1.54e-05
0.418 1.58e-05
0.419 1.39e-05
0.42 1.54e-05
0.421 1.24e-05
0.422 1.24e-05
0.423 1.38e-05
0.424 1.49e-05
0.425 1.49e-05
0.426 1.32e-05
0.427 1.2e-05
0.428 1.29e-05
0.429 1.36e-05
0.43 1.15e-05
0.431 1.08e-05
0.432 1.14e-05
0.433 1.21e-05
0.434 1.14e-05
0.435 1.08e-05
0.436 1.16e-05
0.437 1.12e-05
0.438 1.07e-05
0.439 1.06e-05
0.44 1.23e-05
0.441 1.07e-05
0.442 1.01e-05
0.443 1.2e-05
0.444 9.2e-06
0.445 1.14e-05
0.446 8.7e-06
0.447 9.7e-06
0.448 9.6e-06
0.449 8.2e-06
0.45 1.08e-05
0.451 8.2e-06
0.452 1.02e-05
0.453 1.05e-05
0.454 9e-06
0.455 9.2e-06
0.456 9.1e-06
0.457 9e-06
0.458 8.2e-06
0.459 9.9e-06
0.46 9.8e-06
0.461 9.1e-06
0.462 1.01e-05
0.463 7.1e-06
0.464 8.2e-06
0.465 9.2e-06
0.466 7.3e-06
0.467 6.5e-06
0.468 8.8e-06
0.469 7.2e-06
0.47 7e-06
0.471 7.1e-06
0.472 6.5e-06
0.473 6.5e-06
0.474 8.5e-06
0.475 6.9e-06
0.476 6.4e-06
0.477 6.5e-06
0.478 7e-06
0.479 7.1e-06
0.48 6.1e-06
0.481 8.1e-06
0.482 6.4e-06
0.483 6.5e-06
0.484 6.2e-06
0.485 4.8e-06
0.486 5.4e-06
0.487 6e-06
0.488 4.8e-06
0.489 5e-06
0.49 5.6e-06
0.491 4.5e-06
0.492 4.9e-06
0.493 6.2e-06
0.494 5.9e-06
0.495 4.5e-06
0.496 4.7e-06
0.497 5.3e-06
0.498 4.9e-06
0.499 4.5e-06
0.5 4.8e-06
0.501 3.1e-06
0.502 4.6e-06
0.503 4.1e-06
0.504 5.3e-06
0.505 3.7e-06
0.506 3.5e-06
0.507 4.3e-06
0.508 5e-06
0.509 3.8e-06
0.51 2.9e-06
0.511 4.6e-06
0.512 4e-06
0.513 4.1e-06
0.514 3.8e-06
0.515 3.9e-06
0.516 2.9e-06
0.517 3.6e-06
0.518 3.3e-06
0.519 3.3e-06
0.52 3.7e-06
0.521 3.4e-06
0.522 4e-06
0.523 3.5e-06
0.524 3.2e-06
0.525 3.6e-06
0.526 2.9e-06
0.527 4e-06
0.528 3.4e-06
0.529 2.7e-06
0.53 3.4e-06
0.531 3.8e-06
0.532 3.3e-06
0.533 2.7e-06
0.534 2.5e-06
0.535 3.1e-06
0.536 2e-06
0.537 2.6e-06
0.538 2.4e-06
0.539 3.5e-06
0.54 2.7e-06
0.541 2.4e-06
0.542 2.8e-06
0.543 2.2e-06
0.544 1.4e-06
0.545 3.7e-06
0.546 2.4e-06
0.547 2.9e-06
0.548 2.5e-06
0.549 3.4e-06
0.55 2.1e-06
0.551 2e-06
0.552 1.8e-06
0.553 2.5e-06
0.554 1.9e-06
0.555 2.5e-06
0.556 1.5e-06
0.557 1.6e-06
0.558 1.9e-06
0.559 1.7e-06
0.56 1.9e-06
0.561 2.1e-06
0.562 2.6e-06
0.563 2.7e-06
0.564 1.6e-06
0.565 2.6e-06
0.566 2e-06
0.567 2.1e-06
0.568 1.3e-06
0.569 1.3e-06
0.57 2.2e-06
0.571 1.5e-06
0.572 1.8e-06
0.573 2e-06
0.574 2.4e-06
0.575 1.4e-06
0.576 1.7e-06
0.577 1.1e-06
0.578 9e-07
0.579 1.4e-06
0.58 1.5e-06
0.581 9e-07
0.582 1.9e-06
0.583 1.4e-06
0.584 2.1e-06
0.585 1e-06
0.586 1.3e-06
0.587 9e-07
0.588 1.2e-06
0.589 1.3e-06
0.59 1.1e-06
0.591 1.8e-06
0.592 8e-07
0.593 5e-07
0.594 1e-06
0.595 1.9e-06
0.596 7e-07
0.597 1.9e-06
0.598 2e-06
0.599 1.3e-06
0.6 1.4e-06
0.601 1.3e-06
0.602 1.3e-06
0.603 6e-07
0.604 1.2e-06
0.605 1.6e-06
0.606 1e-06
0.607 1e-06
0.608 7e-07
0.609 4e-07
0.61 6e-07
0.611 1.1e-06
0.612 4e-07
0.613 1.3e-06
0.614 7e-07
0.615 1.2e-06
0.616 1e-06
0.617 9e-07
0.618 8e-07
0.619 6e-07
0.62 5e-07
0.621 1.4e-06
0.622 3e-07
0.623 1.3e-06
0.624 7e-07
0.625 1.4e-06
0.626 8e-07
0.627 5e-07
0.628 7e-07
0.629 1e-06
0.63 8e-07
0.631 4e-07
0.632 5e-07
0.633 4e-07
0.634 9e-07
0.635 7e-07
0.636 5e-07
0.637 2e-07
0.638 6e-07
0.639 4e-07
0.64 8e-07
0.641 1e-06
0.642 4e-07
0.643 2e-07
0.644 6e-07
0.645 3e-07
0.646 7e-07
0.647 8e-07
0.648 6e-07
0.649 7e-07
0.65 5e-07
0.651 3e-07
0.652 9e-07
0.653 4e-07
0.654 0
0.655 4e-07
0.656 0
0.657 4e-07
0.658 6e-07
0.659 7e-07
0.66 4e-07
0.661 4e-07
0.662 6e-07
0.663 5e-07
0.664 8e-07
0.665 5e-07
0.666 3e-07
0.667 1.1e-06
0.668 4e-07
0.669 3e-07
0.67 3e-07
0.671 2e-07
0.672 3e-07
0.673 3e-07
0.674 2e-07
0.675 3e-07
0.676 7e-07
0.677 6e-07
0.678 3e-07
0.679 3e-07
0.68 3e-07
0.681 3e-07
0.682 2e-07
0.683 2e-07
0.684 2e-07
0.685 1e-07
0.686 4e-07
0.687 3e-07
0.688 4e-07
0.689 4e-07
0.69 1e-07
0.691 3e-07
0.692 1.1e-06
0.693 1e-07
0.694 4e-07
0.695 4e-07
0.696 3e-07
0.697 5e-07
0.698 3e-07
0.699 4e-07
0.7 3e-07
0.701 2e-07
0.702 3e-07
0.703 0
0.704 4e-07
0.705 3e-07
0.706 2e-07
0.707 1e-07
0.708 1e-07
0.709 2e-07
0.71 4e-07
0.711 4e-07
0.712 0
0.713 5e-07
0.714 3e-07
0.715 2e-07
0.716 1e-07
0.717 1e-07
0.718 2e-07
0.719 3e-07
0.72 3e-07
0.721 4e-07
0.722 3e-07
0.723 3e-07
0.724 0
0.725 0
0.726 2e-07
0.727 4e-07
0.728 0
0.729 1e-07
0.73 1e-07
0.731 2e-07
0.732 4e-07
0.733 3e-07
0.734 1e-07
0.735 1e-07
0.736 1e-07
0.737 2e-07
0.738 2e-07
0.739 2e-07
0.74 1e-07
0.741 1e-07
0.742 1e-07
0.743 0
0.744 0
0.745 5e-07
0.746 0
0.747 0
0.748 1e-07
0.749 1e-07
0.75 0
0.751 3e-07
0.752 3e-07
0.753 0
0.754 0
0.755 1e-07
0.756 0
0.757 0
0.758 3e-07
0.759 2e-07
0.76 1e-07
0.761 4e-07
0.762 2e-07
0.763 1e-07
0.764 1e-07
0.765 2e-07
0.766 1e-07
0.767 0
0.768 0
0.769 1e-07
0.77 0
0.771 0
0.772 1e-07
0.773 0
0.774 0
0.775 1e-07
0.776 1e-07
0.777 0
0.778 0
0.779 1e-07
0.78 0
0.781 0
0.782 1e-07
0.783 1e-07
0.784 1e-07
0.785 2e-07
0.786 2e-07
0.787 0
0.788 0
0.789 1e-07
0.79 0
0.791 1e-07
0.792 2e-07
0.793 0
0.794 2e-07
0.795 2e-07
0.796 0
0.797 0
0.798 0
0.799 1e-07
0.8 1e-07
0.801 1e-07
0.802 1e-07
0.803 0
0.804 1e-07
0.805 0
0.806 2e-07
0.807 2e-07
0.808 1e-07
0.809 0
0.81 0
0.811 1e-07
0.812 1e-07
0.813 0
0.814 0
0.815 0
0.816 1e-07
0.817 0
0.818 2e-07
0.819 1e-07
0.82 1e-07
0.821 0
0.822 1e-07
0.823 0
0.824 1e-07
0.825 0
0.826 0
0.827 1e-07
0.828 0
0.829 0
0.83 0
0.831 0
0.832 1e-07
0.833 1e-07
0.834 0
0.835 1e-07
0.836 0
0.837 0
0.838 1e-07
0.839 0
0.84 0
0.841 1e-07
0.842 0
0.843 1e-07
0.844 0
0.845 0
0.846 0
0.847 0
0.848 1e-07
0.849 1e-07
0.85 0
0.851 0
0.852 0
0.853 0
0.854 0
0.855 0
0.856 0
0.857 0
0.858 0
0.859 0
0.86 1e-07
0.861 0
0.862 1e-07
0.863 1e-07
0.864 0
0.865 0
0.866 0
0.867 0
0.868 0
0.869 0
0.87 0
0.871 0
0.872 0
0.873 0
0.874 0
0.875 1e-07
0.876 0
0.877 1e-07
0.878 0
0.879 0
0.88 0
0.881 1e-07
0.882 0
0.883 0
0.884 0
0.885 1e-07
0.886 0
0.887 0
0.888 0
0.889 0
0.89 0
0.891 0
0.892 1e-07
0.893 0
0.894 0
0.895 0
0.896 0
0.897 1e-07
0.898 0
0.899 0
0.9 0
0.901 0
0.902 0
0.903 0
0.904 0
0.905 0
0.906 0
0.907 0
0.908 1e-07
0.909 0
0.91 0
0.911 1e-07
0.912 0
0.913 0
0.914 0
0.915 0
0.916 0
0.917 0
0.918 0
0.919 0
0.92 0
0.921 0
0.922 0
0.923 0
0.924 0
0.925 0
0.926 0
0.927 0
0.928 0
0.929 0
0.93 0
0.931 0
0.932 0
0.933 0
0.934 0
0.935 0
0.936 0
0.937 0
0.938 0
0.939 0
0.94 0
0.941 0
0.942 0
0.943 0
0.944 0
0.945 0
0.946 0
0.947 0
0.948 0
0.949 0
0.95 0
0.951 0
0.952 0
0.953 0
0.954 0
0.955 0
0.956 0
0.957 0
0.958 0
0.959 0
0.96 0
0.961 0
0.962 0
0.963 0
0.964 0
0.965 0
0.966 0
0.967 0
0.968 0
0.969 0
0.97 0
0.971 0
0.972 1e-07
0.973 0
0.974 0
0.975 0
0.976 0
0.977 0
0.978 0
0.979 0
0.98 0
0.981 0
0.982 0
0.983 0
0.984 0
0.985 0
0.986 0
0.987 0
0.988 0
0.989 0
0.99 0
0.991 0
0.992 0
0.993 0
0.994 0
0.995 0
0.996 0
0.997 0
0.998 0
0.999 0
1 0
