0.001 0.0244698
0.002 0.0237287
0.003 0.0230457
0.004 0.0223801
0.005 0.0215926
0.006 0.0209775
0.007 0.0203334
0.008 0.0196874
0.009 0.0189785
0.01 0.0181847
0.011 0.0177508
0.012 0.017398
0.013 0.0168894
0.014 0.0164789
0.015 0.0160063
0.016 0.0154838
0.017 0.0150318
0.018 0.0144972
0.019 0.0141768
0.02 0.0136368
0.021 0.0133098
0.022 0.013022
0.023 0.0126389
0.024 0.0123175
0.025 0.0119771
0.026 0.0117475
0.027 0.0114058
0.028 0.0110341
0.029 0.010739
0.03 0.0104116
0.031 0.0101954
0.032 0.0100057
0.033 0.0097536
0.034 0.0095133
0.035 0.0092597
0.036 0.0091192
0.037 0.0087919
0.038 0.0085174
0.039 0.0083963
0.04 0.0081554
0.041 0.0080281
0.042 0.0078259
0.043 0.0076376
0.044 0.007495
0.045 0.0072921
0.046 0.0071753
0.047 0.006964
0.048 0.0068279
0.049 0.0066693
0.05 0.0065228
0.051 0.0063579
0.052 0.0062378
0.053 0.006125
0.054 0.0060377
0.055 0.0058619
0.056 0.0057761
0.057 0.0056377
0.058 0.0055157
0.059 0.0053979
0.06 0.0052645
0.061 0.0051262
0.062 0.0050662
0.063 0.0049716
0.064 0.0048454
0.065 0.0047846
0.066 0.0046738
0.067 0.0045899
0.068 0.0045251
0.069 0.0044125
0.07 0.0042999
0.071 0.0042049
0.072 0.0041504
0.073 0.0040922
0.074 0.0039911
0.075 0.0038947
0.076 0.0038433
0.077 0.0037568
0.078 0.0036872
0.079 0.0036123
0.08 0.0035352
0.081 0.0035071
0.082 0.0033927
0.083 0.0033434
0.084 0.0033086
0.085 0.0032721
0.086 0.0031715
0.087 0.0031396
0.088 0.003059
0.089 0.0029929
0.09 0.0029194
0.091 0.00291
0.092 0.0028441
0.093 0.002771
0.094 0.0027642
0.095 0.0027149
0.096 0.0026612
0.097 0.0025915
0.098 0.0025662
0.099 0.0024925
0.1 0.0024981
0.101 0.002423
0.102 0.0023624
0.103 0.0023336
0.104 0.0022969
0.105 0.002274
0.106 0.0022285
0.107 0.0021652
0.108 0.0021371
0.109 0.0020894
0.11 0.0020439
0.111 0.0020317
0.112 0.0020084
0.113 0.0019425
0.114 0.0019339
0.115 0.0019024
0.116 0.0018587
0.117 0.0018019
0.118 0.0017891
0.119 0.001772
0.12 0.0017341
0.121 0.0016989
0.122 0.0016837
0.123 0.0016431
0.124 0.0016017
0.125 0.0015896
0.126 0.0016019
0.127 0.0015416
0.128 0.0015024
0.129 0.0015012
0.13 0.0014423
0.131 0.0014404
0.132 0.0014206
0.133 0.0013792
0.134 0.0013469
0.135 0.0013303
0.136 0.0013326
0.137 0.0012729
0.138 0.0012852
0.139 0.0012729
0.14 0.0012431
0.141 0.0012119
0.142 0.001203
0.143 0.0011824
0.144 0.0011541
0.145 0.0011203
0.146 0.0011396
0.147 0.001099
0.148 0.0010734
0.149 0.0010877
0.15 0.0010258
0.151 0.0010323
0.152 0.0009975
0.153 0.0009949
0.154 0.0009897
0.155 0.000947
0.156 0.0009606
0.157 0.0009496
0.158 0.0009094
0.159 0.0008986
0.16 0.0008664
0.161 0.0008597
0.162 0.000853
0.163 0.0008451
0.164 0.0008251
0.165 0.0008064
0.166 0.0008087
0.167 0.0007826
0.168 0.0007733
0.169 0.0007509
0.17 0.0007345
0.171 0.0007258
0.172 0.0007294
0.173 0.0007015
0.174 0.0007055
0.175 0.0006996
0.176 0.0006909
0.177 0.0006626
0.178 0.0006469
0.179 0.000646
0.18 0.0006268
0.181 0.0006223
0.182 0.0006141
0.183 0.0005967
0.184 0.0005828
0.185 0.0005747
0.186 0.0005706
0.187 0.0005743
0.188 0.0005541
0.189 0.0005363
0.19 0.0005303
0.191 0.000523
0.192 0.0005015
0.193 0.0005076
0.194 0.0004904
0.195 0.0004874
0.196 0.0004824
0.197 0.0004786
0.198 0.0004645
0.199 0.0004621
0.2 0.0004462
0.201 0.0004328
0.202 0.0004299
0.203 0.0004229
0.204 0.000424
0.205 0.0004056
0.206 0.0004013
0.207 0.0004047
0.208 0.0003848
0.209 0.0003873
0.21 0.0003788
0.211 0.0003687
0.212 0.0003634
0.213 0.0003545
0.214 0.0003541
0.215 0.0003528
0.216 0.0003418
0.217 0.0003413
0.218 0.0003385
0.219 0.0003193
0.22 0.0003296
0.221 0.0003104
0.222 0.0003139
0.223 0.0002987
0.224 0.0002984
0.225 0.0002983
0.226 0.0002917
0.227 0.0002894
0.228 0.000282
0.229 0.0002717
0.23 0.0002715
0.231 0.0002657
0.232 0.0002706
0.233 0.0002623
0.234 0.0002591
0.235 0.0002549
0.236 0.0002502
0.237 0.0002477
0.238 0.000237
0.239 0.0002319
0.24 0.0002331
0.241 0.0002318
0.242 0.0002196
0.243 0.000221
0.244 0.000221
0.245 0.0002199
0.246 0.0002161
0.247 0.0002094
0.248 0.0001952
0.249 0.0001982
0.25 0.0002001
0.251 0.0001925
0.252 0.0001916
0.253 0.0001948
0.254 0.0001894
0.255 0.000178
0.256 0.0001794
0.257 0.0001722
0.258 0.0001733
0.259 0.0001699
0.26 0.0001572
0.261 0.0001615
0.262 0.000163
0.263 0.0001583
0.264 0.0001573
0.265 0.0001531
0.266 0.0001513
0.267 0.0001471
0.268 0.0001418
0.269 0.0001433
0.27 0.0001408
0.271 0.0001336
0.272 0.0001384
0.273 0.0001293
0.274 0.0001309
0.275 0.0001303
0.276 0.0001241
0.277 0.0001269
0.278 0.0001175
0.279 0.0001181
0.28 0.0001143
0.281 0.0001132
0.282 0.000119
0.283 0.0001171
0.284 0.0001131
0.285 0.0001054
0.286 0.0001072
0.287 0.0001094
0.288 0.0001121
0.289 0.0001088
0.29 0.0001042
0.291 0.0001017
0.292 9.79e-05
0.293 9.01e-05
0.294 9.39e-05
0.295 8.92e-05
0.296 8.79e-05
0.297 9.19e-05
0.298 8.67e-05
0.299 8.28e-05
0.3 8.63e-05
0.301 8.33e-05
0.302 8.23e-05
0.303 8e-05
0.304 8.02e-05
0.305 7.8e-05
0.306 7.12e-05
0.307 7.47e-05
0.308 7.17e-05
0.309 7.45e-05
0.31 6.86e-05
0.311 7.17e-05
0.312 6.7e-05
0.313 7.03e-05
0.314 6.45e-05
0.315 6.4e-05
0.316 6.74e-05
0.317 6.95e-05
0.318 6.42e-05
0.319 6.28e-05
0.32 6.25e-05
0.321 5.87e-05
0.322 5.77e-05
0.323 5.76e-05
0.324 5.6e-05
0.325 5.99e-05
0.326 5.56e-05
0.327 5e-05
0.328 5.02e-05
0.329 4.84e-05
0.33 5.11e-05
0.331 4.92e-05
0.332 4.92e-05
0.333 5.19e-05
0.334 5.04e-05
0.335 4.51e-05
0.336 4.99e-05
0.337 4.57e-05
0.338 4.64e-05
0.339 4.53e-05
0.34 4.68e-05
0.341 4.52e-05
0.342 3.98e-05
0.343 4.27e-05
0.344 4.16e-05
0.345 3.87e-05
0.346 4.02e-05
0.347 4.02e-05
0.348 4.09e-05
0.349 3.45e-05
0.35 3.7e-05
0.351 3.62e-05
0.352 3.3e-05
0.353 3.44e-05
0.354 3.7e-05
0.355 3.23e-05
0.356 3.36e-05
0.357 3.28e-05
0.358 2.95e-05
0.359 2.95e-05
0.36 3.07e-05
0.361 2.98e-05
0.362 2.96e-05
0.363 2.96e-05
0.364 2.67e-05
0.365 3.08e-05
0.366 2.95e-05
0.367 2.93e-05
0.368 2.98e-05
0.369 2.69e-05
0.37 2.49e-05
0.371 2.82e-05
0.372 2.73e-05
0.373 2.46e-05
0.374 2.56e-05
0.375 2.25e-05
0.376 2.26e-05
0.377 2.41e-05
0.378 2.33e-05
0.379 2.07e-05
0.38 2.17e-05
0.381 2.33e-05
0.382 2.32e-05
0.383 2.25e-05
0.384 2.29e-05
0.385 2.07e-05
0.386 1.78e-05
0.387 1.86e-05
0.388 2e-05
0.389 1.83e-05
0.39 1.98e-05
0.391 1.87e-05
0.392 1.93e-05
0.393 1.88e-05
0.394 1.76e-05
0.395 1.71e-05
0.396 1.78e-05
0.397 1.43e-05
0.398 1.51e-05
0.399 1.72e-05
0.4 1.61e-05
0.401 1.75e-05
0.402 1.34e-05
0.403 1.58e-05
0.404 1.4e-05
0.405 1.41e-05
0.406 1.27e-05
0.407 1.43e-05
0.408 1.27e-05
0.409 1.27e-05
0.41 1.32e-05
0.411 1.37e-05
0.412 1.17e-05
0.413 1.39e-05
0.414 1.27e-05
0.415 1.2e-05
0.416 1.23e-05
0.417 1.32e-05
0.418 1.19e-05
0.419 1e-05
0.42 1.13e-05
0.421 9.5e-06
0.422 1.26e-05
0.423 1.06e-05
0.424 1.16e-05
0.425 1.18e-05
0.426 1e-05
0.427 1.09e-05
0.428 1.02e-05
0.429 1.11e-05
0.43 1.06e-05
0.431 1.09e-05
0.432 1.15e-05
0.433 8.3e-06
0.434 9.8e-06
0.435 9.9e-06
0.436 8.5e-06
0.437 9.3e-06
0.438 8.5e-06
0.439 8.1e-06
0.44 8.4e-06
0.441 7.7e-06
0.442 8.1e-06
0.443 8.6e-06
0.444 8e-06
0.445 7.2e-06
0.446 8.4e-06
0.447 7.5e-06
0.448 8.1e-06
0.449 9.1e-06
0.45 7.4e-06
0.451 7.2e-06
0.452 5.3e-06
0.453 6.9e-06
0.454 6.5e-06
0.455 5.9e-06
0.456 6e-06
0.457 5.2e-06
0.458 6.3e-06
0.459 6.4e-06
0.46 7.2e-06
0.461 4.8e-06
0.462 6e-06
0.463 5.8e-06
0.464 5.6e-06
0.465 4.8e-06
0.466 4.6e-06
0.467 4.7e-06
0.468 5.7e-06
0.469 4.2e-06
0.47 4.7e-06
0.471 5.2e-06
0.472 5.1e-06
0.473 3.5e-06
0.474 5.1e-06
0.475 4.5e-06
0.476 4.9e-06
0.477 4.4e-06
0.478 3.4e-06
0.479 4.7e-06
0.48 3.7e-06
0.481 4e-06
0.482 4.6e-06
0.483 3.7e-06
0.484 4e-06
0.485 4e-06
0.486 4.5e-06
0.487 3.5e-06
0.488 4.4e-06
0.489 4e-06
0.49 3.3e-06
0.491 4.5e-06
0.492 3.8e-06
0.493 3.2e-06
0.494 2.7e-06
0.495 2.9e-06
0.496 3.3e-06
0.497 2.7e-06
0.498 4.1e-06
0.499 2.9e-06
0.5 3e-06
0.501 3.1e-06
0.502 2e-06
0.503 3.5e-06
0.504 2.8e-06
0.505 3.5e-06
0.506 3e-06
0.507 3.3e-06
0.508 2.2e-06
0.509 2.6e-06
0.51 2.8e-06
0.511 2.3e-06
0.512 2.5e-06
0.513 2.1e-06
0.514 2e-06
0.515 2e-06
0.516 2.1e-06
0.517 2.4e-06
0.518 3.3e-06
0.519 2.5e-06
0.52 2.4e-06
0.521 2.5e-06
0.522 2.5e-06
0.523 1.5e-06
0.524 1.6e-06
0.525 2.4e-06
0.526 2.2e-06
0.527 2.3e-06
0.528 2.5e-06
0.529 1.6e-06
0.53 2e-06
0.531 1.3e-06
0.532 1.2e-06
0.533 1.7e-06
0.534 1.3e-06
0.535 1.9e-06
0.536 1.8e-06
0.537 2.1e-06
0.538 1e-06
0.539 1.7e-06
0.54 9e-07
0.541 1.7e-06
0.542 1.3e-06
0.543 1.8e-06
0.544 8e-07
0.545 8e-07
0.546 2.3e-06
0.547 8e-07
0.548 2.3e-06
0.549 2e-06
0.55 1.7e-06
0.551 1.6e-06
0.552 1.4e-06
0.553 8e-07
0.554 1.2e-06
0.555 2e-06
0.556 1.1e-06
0.557 9e-07
0.558 7e-07
0.559 6e-07
0.56 1.3e-06
0.561 6e-07
0.562 1.3e-06
0.563 1e-06
0.564 1.3e-06
0.565 1.1e-06
0.566 9e-07
0.567 6e-07
0.568 9e-07
0.569 1.1e-06
0.57 1.1e-06
0.571 1e-06
0.572 1.5e-06
0.573 1e-06
0.574 3e-07
0.575 1.2e-06
0.576 9e-07
0.577 7e-07
0.578 5e-07
0.579 4e-07
0.58 1.1e-06
0.581 1e-06
0.582 1e-07
0.583 5e-07
0.584 7e-07
0.585 1.1e-06
0.586 7e-07
0.587 4e-07
0.588 6e-07
0.589 4e-07
0.59 7e-07
0.591 9e-07
0.592 7e-07
0.593 8e-07
0.594 4e-07
0.595 9e-07
0.596 5e-07
0.597 0
0.598 4e-07
0.599 2e-07
0.6 6e-07
0.601 6e-07
0.602 7e-07
0.603 6e-07
0.604 4e-07
0.605 5e-07
0.606 1.1e-06
0.607 4e-07
0.608 1.1e-06
0.609 5e-07
0.61 3e-07
0.611 3e-07
0.612 4e-07
0.613 3e-07
0.614 3e-07
0.615 3e-07
0.616 7e-07
0.617 8e-07
0.618 2e-07
0.619 3e-07
0.62 3e-07
0.621 4e-07
0.622 2e-07
0.623 2e-07
0.624 3e-07
0.625 4e-07
0.626 3e-07
0.627 5e-07
0.628 2e-07
0.629 5e-07
0.63 9e-07
0.631 4e-07
0.632 4e-07
0.633 4e-07
0.634 4e-07
0.635 6e-07
0.636 2e-07
0.637 3e-07
0.638 4e-07
0.639 1e-07
0.64 2e-07
0.641 5e-07
0.642 2e-07
0.643 2e-07
0.644 2e-07
0.645 2e-07
0.646 4e-07
0.647 2e-07
0.648 5e-07
0.649 5e-07
0.65 1e-07
0.651 1e-07
0.652 2e-07
0.653 2e-07
0.654 4e-07
0.655 4e-07
0.656 3e-07
0.657 3e-07
0.658 0
0.659 1e-07
0.66 5e-07
0.661 0
0.662 1e-07
0.663 1e-07
0.664 3e-07
0.665 5e-07
0.666 2e-07
0.667 1e-07
0.668 1e-07
0.669 2e-07
0.67 2e-07
0.671 2e-07
0.672 1e-07
0.673 2e-07
0.674 0
0.675 0
0.676 5e-07
0.677 0
0.678 0
0.679 2e-07
0.68 0
0.681 3e-07
0.682 3e-07
0.683 0
0.684 1e-07
0.685 0
0.686 0
0.687 1e-07
0.688 4e-07
0.689 1e-07
0.69 4e-07
0.691 2e-07
0.692 1e-07
0.693 2e-07
0.694 2e-07
0.695 0
0.696 0
0.697 1e-07
0.698 0
0.699 1e-07
0.7 0
0.701 0
0.702 1e-07
0.703 1e-07
0.704 0
0.705 0
0.706 1e-07
0.707 0
0.708 1e-07
0.709 1e-07
0.71 0
0.711 3e-07
0.712 2e-07
0.713 0
0.714 1e-07
0.715 0
0.716 1e-07
0.717 1e-07
0.718 1e-07
0.719 2e-07
0.72 2e-07
0.721 0
0.722 0
0.723 0
0.724 2e-07
0.725 1e-07
0.726 0
0.727 1e-07
0.728 0
0.729 1e-07
0.73 2e-07
0.731 2e-07
0.732 1e-07
0.733 0
0.734 0
0.735 2e-07
0.736 0
0.737 0
0.738 0
0.739 1e-07
0.74 0
0.741 3e-07
0.742 1e-07
0.743 0
0.744 0
0.745 1e-07
0.746 0
0.747 1e-07
0.748 0
0.749 1e-07
0.75 0
0.751 0
0.752 0
0.753 0
0.754 1e-07
0.755 1e-07
0.756 1e-07
0.757 0
0.758 0
0.759 1e-07
0.76 0
0.761 0
0.762 1e-07
0.763 0
0.764 1e-07
0.765 0
0.766 0
0.767 0
0.768 0
0.769 1e-07
0.77 1e-07
0.771 0
0.772 0
0.773 0
0.774 0
0.775 0
0.776 0
0.777 0
0.778 0
0.779 0
0.78 0
0.781 1e-07
0.782 1e-07
0.783 0
0.784 1e-07
0.785 0
0.786 0
0.787 0
0.788 0
0.789 0
0.79 0
0.791 0
0.792 0
0.793 0
0.794 0
0.795 1e-07
0.796 0
0.797 1e-07
0.798 0
0.799 0
0.8 0
0.801 1e-07
0.802 0
0.803 0
0.804 0
0.805 1e-07
0.806 0
0.807 0
0.808 0
0.809 0
0.81 0
0.811 0
0.812 1e-07
0.813 0
0.814 0
0.815 0
0.816 0
0.817 1e-07
0.818 0
0.819 0
0.82 0
0.821 0
0.822 0
0.823 0
0.824 0
0.825 0
0.826 0
0.827 0
0.828 0
0.829 1e-07
0.83 0
0.831 0
0.832 0
0.833 1e-07
0.834 0
0.835 0
0.836 0
0.837 0
0.838 0
0.839 0
0.84 0
0.841 0
0.842 0
0.843 0
0.844 0
0.845 0
0.846 0
0.847 0
0.848 0
0.849 0
0.85 0
0.851 0
0.852 0
0.853 0
0.854 0
0.855 0
0.856 0
0.857 0
0.858 0
0.859 0
0.86 0
0.861 0
0.862 0
0.863 0
0.864 0
0.865 0
0.866 0
0.867 0
0.868 0
0.869 0
0.87 0
0.871 0
0.872 0
0.873 0
0.874 0
0.875 0
0.876 0
0.877 0
0.878 0
0.879 0
0.88 0
0.881 0
0.882 0
0.883 0
0.884 0
0.885 0
0.886 0
0.887 0
0.888 0
0.889 0
0.89 0
0.891 0
0.892 0
0.893 0
0.894 0
0.895 0
0.896 0
0.897 0
0.898 0
0.899 0
0.9 0
0.901 0
0.902 0
0.903 0
0.904 0
0.905 0
0.906 0
0.907 0
0.908 0
0.909 0
0.91 0
0.911 0
0.912 0
0.913 0
0.914 0
0.915 0
0.916 0
0.917 0
0.918 1e-07
0.919 0
0.92 0
0.921 0
0.922 0
0.923 0
0.924 0
0.925 0
0.926 0
0.927 0
0.928 0
0.929 0
0.93 0
0.931 0
0.932 0
0.933 0
0.934 0
0.935 0
0.936 0
0.937 0
0.938 0
0.939 0
0.94 0
0.941 0
0.942 0
0.943 0
0.944 0
0.945 0
0.946 0
0.947 0
0.948 0
0.949 0
0.95 0
0.951 0
0.952 0
0.953 0
0.954 0
0.955 0
0.956 0
0.957 0
0.958 0
0.959 0
0.96 0
0.961 0
0.962 0
0.963 0
0.964 0
0.965 0
0.966 0
0.967 0
0.968 0
0.969 0
0.97 0
0.971 0
0.972 0
0.973 0
0.974 0
0.975 0
0.976 0
0.977 0
0.978 0
0.979 0
0.98 0
0.981 0
0.982 0
0.983 0
0.984 0
0.985 0
0.986 0
0.987 0
0.988 0
0.989 0
0.99 0
0.991 0
0.992 0
0.993 0
0.994 0
0.995 0
0.996 0
0.997 0
0.998 0
0.999 0
1 0
